0 0.353125 0.296875 0.309375 0.296875 0.309375 0.3296875 0.353125 0.3296875
0 0.5453125 0.4640625 0.515625 0.4640625 0.515625 0.4875 0.5453125 0.4875
0 0.60625 0.3968750000000001 0.5671875 0.3968750000000001 0.5671875 0.428125 0.60625 0.428125
0 0.6 0.5375 0.5625 0.5375 0.5625 0.575 0.6 0.575
0 0.65 7.673177600907635e-17 0.603125 7.386151007357474e-17 0.603125 0.015625000000000076 0.65 0.015625000000000076
0 0.7390625 0.3765625000000001 0.703125 0.3765625000000001 0.703125 0.4140625000000001 0.7390625 0.41406250000000017
0 0.8484375 0.42187500000000017 0.8140625 0.42187500000000017 0.8140625 0.43750000000000017 0.8484375 0.43750000000000017
0 0.93125 0.2593750000000001 0.896875 0.2593750000000001 0.896875 0.3156250000000001 0.93125 0.3156250000000001
0 0.90625 0.3234375000000001 0.859375 0.3234375000000001 0.859375 0.3375000000000001 0.90625 0.3375000000000001
0 0.91875 0.3375000000000001 0.8765625 0.3375000000000001 0.8765625 0.34843750000000007 0.91875 0.34843750000000007
0 0.9609375 0.4734375000000002 0.9328125 0.4734375000000002 0.9328125 0.48437500000000017 0.9609375 0.48437500000000017
0 0.971875 0.5031250000000002 0.9296875 0.5031250000000002 0.9296875 0.5312500000000002 0.971875 0.5312500000000002
0 0.9890625 0.2734375000000001 0.9453125 0.2734375000000001 0.9453125 0.3046875000000001 0.9890625 0.3046875000000001
0 1 0.5109375000000002 0.9859375 0.5109375000000002 0.9859375 0.5171875000000001 1 0.5171875000000001
0 0.946875 0.7187500000000002 0.9078125 0.7187500000000002 0.9078125 0.7656250000000002 0.946875 0.7656250000000002
0 1 0.8375 0.9671875 0.8375 0.9671875 0.871875 1 0.871875