0 0.3296875000000001 0.646875 0.2968750000000001 0.646875 0.2968750000000001 0.690625 0.3296875000000001 0.690625
0 0.4875 0.4546875 0.4640625 0.4546875 0.4640625 0.484375 0.4875 0.484375
0 0.428125 0.3937500000000001 0.3968750000000001 0.3937500000000001 0.3968750000000001 0.4328125 0.428125 0.4328125
0 0.575 0.4015625 0.5375 0.4015625 0.5375 0.4390625 0.575 0.4390625
0 0.01562500000000005 0.35 4.286263797015736e-17 0.35 4.5732903905658965e-17 0.396875 0.01562500000000005 0.396875
0 0.4140625 0.2609375000000001 0.3765625 0.2609375000000001 0.3765625 0.2968750000000001 0.4140625 0.2968750000000001
0 0.4375 0.15312500000000004 0.421875 0.15312500000000004 0.421875 0.18750000000000006 0.4375 0.18750000000000006
0 0.315625 0.06875000000000003 0.259375 0.06875000000000002 0.259375 0.10312500000000005 0.315625 0.10312500000000005
0 0.3375 0.09375000000000004 0.3234375 0.09375000000000004 0.3234375 0.14062500000000006 0.3375 0.14062500000000006
0 0.3484375 0.08125000000000004 0.3375 0.08125000000000004 0.3375 0.12343750000000005 0.3484375 0.12343750000000005
0 0.484375 0.039062500000000056 0.4734375 0.039062500000000056 0.4734375 0.06718750000000007 0.484375 0.06718750000000007
0 0.53125 0.028125000000000067 0.503125 0.028125000000000067 0.503125 0.07031250000000007 0.53125 0.07031250000000007
0 0.3046875 0.012500000000000035 0.2734375 0.012500000000000034 0.2734375 0.05625000000000004 0.3046875 0.05625000000000004
0 0.5171875 6.295449951866863e-17 0.5109375 6.257179739393508e-17 0.5109375 0.014062500000000061 0.5171875 0.014062500000000061
0 0.765625 0.05312500000000009 0.71875 0.05312500000000009 0.71875 0.09218750000000009 0.765625 0.09218750000000009
0 0.871875 1.0466903111462535e-16 0.8375 1.0256416942859082e-16 0.8375 0.032812500000000105 0.871875 0.03281250000000011