0 0.059375 6.123233995736766e-18 0.040625 4.975127621536122e-18 0.040625 0.015625000000000007 0.059375 0.015625000000000007
0 0.2921875 0.07031250000000003 0.2609375 0.07031250000000003 0.2609375 0.13281250000000006 0.2921875 0.13281250000000006
0 0.353125 0.02031250000000004 0.2890625 0.020312500000000032 0.2890625 0.06093750000000005 0.353125 0.06093750000000005
0 0.41875 0.007812500000000045 0.321875 0.007812500000000038 0.321875 0.04062500000000005 0.41875 0.04062500000000006
0 0.534375 0.11406250000000004 0.478125 0.11406250000000004 0.478125 0.16093750000000004 0.534375 0.16093750000000004
0 0.5765625 0.06093750000000007 0.4921875 0.06093750000000007 0.4921875 0.09687500000000007 0.5765625 0.09687500000000007
0 0.7390625 0.11718750000000008 0.6453125 0.11718750000000008 0.6453125 0.14843750000000008 0.7390625 0.14843750000000008
0 0.7359375 0.050000000000000086 0.715625 0.050000000000000086 0.715625 0.10937500000000008 0.7359375 0.10937500000000008
0 0.803125 0.07031250000000008 0.778125 0.07031250000000008 0.778125 0.11875000000000009 0.803125 0.11875000000000009
0 0.8703125 0.1390625000000001 0.7828125 0.1390625000000001 0.7828125 0.1765625000000001 0.8703125 0.1765625000000001
0 1 0.037500000000000124 0.9671875 0.037500000000000124 0.9671875 0.08593750000000012 1 0.08593750000000014
0 1 0.4734375000000002 0.9875 0.4734375000000002 0.9875 0.47656250000000017 1 0.47656250000000017
0 0.765625 0.6093750000000001 0.66875 0.609375 0.66875 0.6500000000000001 0.765625 0.6500000000000001
0 0.803125 0.6265625000000001 0.678125 0.6265625 0.678125 0.6359375 0.803125 0.6359375000000002
0 0.81875 0.6515625000000002 0.759375 0.6515625000000002 0.759375 0.6578125000000001 0.81875 0.6578125000000001
0 0.8953125 0.6953125000000002 0.8484375 0.6953125000000002 0.8484375 0.7312500000000002 0.8953125 0.7312500000000002
0 0.9640625 0.6828125000000002 0.93125 0.6828125000000002 0.93125 0.7500000000000002 0.9640625 0.7500000000000002
0 1 0.85625 0.915625 0.85625 0.915625 0.8859375 1 0.8859375
0 0.56875 0.5890625 0.55 0.5890625 0.55 0.6453125 0.56875 0.6453125
0 0.5984375000000002 0.790625 0.5109375000000002 0.790625 0.5109375000000002 0.815625 0.5984375000000002 0.815625
0 0.4000000000000002 0.909375 0.3765625000000001 0.909375 0.3765625000000001 0.978125 0.4000000000000002 0.978125
0 0.050000000000000114 0.946875 1.15958743794265e-16 0.946875 1.1681982357491548e-16 0.9609375 0.050000000000000114 0.9609375
0 0.20312500000000008 0.8203125 0.10468750000000009 0.8203125 0.10468750000000009 0.84375 0.20312500000000008 0.84375
0 0.2984375000000001 0.653125 0.18906250000000008 0.653125 0.18906250000000008 0.6640625 0.2984375000000001 0.6640625
0 0.1359375000000001 0.6765625 0.08906250000000009 0.6765625 0.08906250000000009 0.7328125 0.1359375000000001 0.7328125
0 0.1531250000000001 0.5765625 0.1375000000000001 0.5765625 0.1375000000000001 0.6484375 0.1531250000000001 0.6484375
0 0.28593750000000007 0.365625 0.17031250000000003 0.365625 0.17031250000000003 0.384375 0.28593750000000007 0.384375
0 0.290625 0.20625 0.14062500000000006 0.20625 0.14062500000000006 0.240625 0.290625 0.240625
0 0.09687500000000002 0.1703125 2.085726579797836e-17 0.1703125 2.143131898507868e-17 0.1796875 0.09687500000000002 0.1796875