0 0.04687500000000012 0.9265625 0.02031250000000011 0.9265625 0.020312500000000115 1 0.046875000000000125 1
0 0.05468750000000011 0.9265625 0.003125000000000114 0.9265625 0.0031250000000001147 0.9359375 0.05468750000000011 0.9359375
0 0.0203125000000001 0.8328125 1.019901162414905e-16 0.8328125 1.0294687155332437e-16 0.8484375 0.020312500000000105 0.8484375
0 0.04843750000000009 0.7640625 9.357066949735246e-17 0.7640625 9.596255777693713e-17 0.803125 0.0484375000000001 0.803125
0 0.10156250000000008 0.665625 0.03437500000000008 0.665625 0.034375000000000086 0.7265625 0.10156250000000008 0.7265625
0 0.07968750000000008 0.55625 0.06875000000000006 0.55625 0.06875000000000007 0.6703125 0.07968750000000009 0.6703125
0 0.040625000000000064 0.434375 0.026562500000000055 0.434375 0.026562500000000062 0.5609375 0.040625000000000064 0.5609375
0 0.14375000000000007 0.5375 0.07968750000000006 0.5375 0.07968750000000006 0.559375 0.1437500000000001 0.559375
0 0.3125000000000001 0.6828125 0.2906250000000001 0.6828125 0.2906250000000001 0.8046875 0.3125000000000001 0.8046875
0 0.4828125 0.64375 0.41875 0.64375 0.41875 0.690625 0.4828125 0.690625
0 0.45781250000000007 0.684375 0.4421875 0.684375 0.44218750000000007 0.753125 0.4578125000000002 0.753125
0 0.5015625 0.5359375 0.4765625 0.5359375 0.4765625 0.6375 0.5015625 0.6375
0 0.3593750000000001 0.4484375 0.2968750000000001 0.4484375 0.2968750000000001 0.4625 0.3593750000000001 0.4625
0 0.7015625 0.440625 0.6359375 0.440625 0.6359375 0.465625 0.7015625 0.465625
0 0.4578125 5.137776024547881e-17 0.38125 4.6689659217492845e-17 0.38125 0.07031250000000006 0.4578125 0.07031250000000007
0 1 0.22812500000000008 0.95 0.22812500000000008 0.95 0.2656250000000001 1 0.2656250000000001