0 1 0.946875 0.959375 0.946875 0.959375 0.9640625 1 0.9640625
0 0.871875 0.8109375 0.840625 0.8109375 0.840625 0.89375 0.871875 0.89375
0 0.8921875 0.81875 0.8203125 0.81875 0.8203125 0.853125 0.8921875 0.853125
0 0.7078125000000002 0.965625 0.7015625000000002 0.965625 0.7015625000000002 1 0.7078125000000002 1
0 0.6796875000000002 0.9421875 0.6359375000000002 0.9421875 0.6359375000000002 1 0.6796875000000002 1
0 0.5171875000000001 0.965625 0.4578125000000002 0.965625 0.4578125000000002 0.98125 0.5171875000000001 0.98125
0 0.2640625000000001 0.9203125 0.2531250000000001 0.9203125 0.2531250000000001 0.9453125 0.2640625000000001 0.9453125
0 0.07812500000000004 0.2828125 0.059375000000000046 0.2828125 0.059375000000000046 0.40625 0.07812500000000004 0.40625
0 0.1109375 0.04062500000000001 0.071875 0.04062500000000001 0.07187500000000001 0.13125 0.1109375 0.13125
0 0.278125 0.026562500000000034 0.2375 0.026562500000000034 0.2375 0.10781250000000005 0.278125 0.10781250000000005
0 0.2375 0.001562500000000026 0.1875 0.0015625000000000229 0.1875 0.020312500000000025 0.2375 0.02031250000000003
0 0.4453125 0.4921875 0.3765625000000001 0.4921875 0.3765625000000001 0.515625 0.4453125 0.515625
0 0.721875 0.1359375000000001 0.684375 0.1359375000000001 0.684375 0.2218750000000001 0.721875 0.2218750000000001
0 0.9171875 1.1098361617272889e-16 0.8953125 1.0964415873616147e-16 0.8953125 0.1109375000000001 0.9171875 0.11093750000000013