0 0.840625 0.5468750000000002 0.809375 0.5468750000000002 0.809375 0.5843750000000002 0.840625 0.5843750000000002
0 0.8125 0.7375000000000002 0.803125 0.7375000000000002 0.803125 0.7890625000000002 0.8125 0.7890625000000002
0 0.8125 0.6500000000000001 0.7875 0.6500000000000001 0.7875 0.6718750000000002 0.8125 0.6718750000000002
0 0.7343750000000001 0.675 0.721875 0.675 0.721875 0.7265625000000001 0.7343750000000002 0.7265625000000002
0 0.6234375 0.56875 0.5859375 0.56875 0.5859375 0.584375 0.6234375 0.584375
0 0.5625 0.4875 0.534375 0.4875 0.534375 0.509375 0.5625 0.509375
0 0.565625 0.68125 0.546875 0.68125 0.546875 0.715625 0.565625 0.715625
0 0.4875 0.490625 0.4578125 0.490625 0.4578125 0.50625 0.4875 0.50625
0 0.325 0.321875 0.296875 0.321875 0.296875 0.3328125 0.325 0.3328125
0 0.17187500000000008 0.6953125 0.1515625000000001 0.6953125 0.1515625000000001 0.7234375 0.17187500000000008 0.7234375
0 0.12343750000000005 0.5171875 0.09062500000000007 0.5171875 0.09062500000000007 0.5390625 0.12343750000000005 0.5390625