0 0.1687500000000001 0.840625 0.1593750000000001 0.840625 0.1593750000000001 0.8609375 0.1687500000000001 0.8609375
0 0.2718750000000001 0.803125 0.2468750000000001 0.803125 0.2468750000000001 0.828125 0.2718750000000001 0.828125
0 0.40937500000000016 0.8 0.3625000000000001 0.8 0.3625000000000001 0.8109375 0.40937500000000016 0.8109375
0 0.6703125000000001 0.7140625 0.6390625 0.7140625 0.6390625000000001 0.734375 0.6703125000000002 0.734375
0 0.8 0.6562500000000002 0.7578125 0.6562500000000002 0.7578125 0.6609375000000002 0.8 0.6609375000000002
0 0.690625 0.478125 0.6625 0.478125 0.6625 0.503125 0.690625 0.503125
0 0.671875 0.4296875 0.6546875 0.4296875 0.6546875 0.45625 0.671875 0.45625
0 0.70625 0.425 0.6875 0.425 0.6875 0.4515625 0.70625 0.4515625
0 0.603125 0.3421875000000001 0.58125 0.3421875000000001 0.58125 0.3703125000000001 0.603125 0.3703125000000001
0 0.5765625 0.2843750000000001 0.5625 0.2843750000000001 0.5625 0.31718750000000007 0.5765625 0.31718750000000007
0 0.721875 0.1859375000000001 0.703125 0.1859375000000001 0.703125 0.2140625000000001 0.721875 0.2140625000000001
0 0.7953125 0.06093750000000009 0.7453125 0.06093750000000009 0.7453125 0.07968750000000009 0.7953125 0.07968750000000009
0 0.34218750000000003 0.3609375 0.2984375 0.3609375 0.2984375 0.371875 0.3421875000000001 0.371875
0 0.4328125 0.4328125 0.3984375000000001 0.4328125 0.3984375000000001 0.4578125 0.4328125 0.4578125