0 0.053125000000000054 0.4171875 0.00625000000000005 0.4171875 0.006250000000000054 0.478125 0.05312500000000007 0.478125
0 0.07812500000000007 0.525 0.015625000000000066 0.525 0.01562500000000007 0.6109375 0.07812500000000007 0.6109375
0 0.04062500000000012 0.884375 0.017187500000000112 0.884375 0.017187500000000112 0.9640625 0.04062500000000012 0.9640625
0 0.14687500000000014 0.9109375 0.07343750000000011 0.9109375 0.07343750000000011 0.98125 0.14687500000000014 0.98125
0 0.1890625000000001 0.8328125 0.1515625000000001 0.8328125 0.1515625000000001 0.9296875 0.18906250000000013 0.9296875
0 0.3828125000000001 0.9390625 0.3750000000000001 0.9390625 0.3750000000000001 1 0.3828125000000001 1
0 0.42968750000000017 0.8515625 0.40156250000000016 0.8515625 0.40156250000000016 0.95625 0.42968750000000017 0.95625
0 0.4437500000000002 0.7953125 0.3906250000000001 0.7953125 0.3906250000000001 0.83125 0.4437500000000002 0.83125
0 0.5078125 0.565625 0.475 0.565625 0.475 0.65 0.5078125 0.65
0 0.4109375 0.509375 0.3625000000000001 0.509375 0.3625000000000001 0.5734375 0.4109375 0.5734375
0 0.3437500000000001 0.4765625 0.2921875000000001 0.4765625 0.2921875000000001 0.5609375 0.3437500000000001 0.5609375
0 0.3156250000000001 0.38125 0.2640625000000001 0.38125 0.2640625000000001 0.44375 0.3156250000000001 0.44375
0 0.8921875 0.921875 0.846875 0.921875 0.846875 0.9484375 0.8921875 0.9484375
0 0.9484375 0.915625 0.89375 0.915625 0.89375 0.94375 0.9484375 0.94375
0 0.9703125 0.94375 0.946875 0.94375 0.946875 1 0.9703125 1
0 0.959375 0.7671875000000001 0.921875 0.7671875000000001 0.921875 0.8296875 0.959375 0.8296875
0 1 0.815625 0.95625 0.815625 0.95625 0.85 1 0.85
0 0.9671875 0.6859375000000002 0.9390625 0.6859375000000002 0.9390625 0.7328125000000002 0.9671875 0.7328125000000002
0 1 0.6593750000000002 0.9859375 0.6593750000000002 0.9859375 0.7265625000000002 1 0.7265625000000002
0 0.9875 1.190203607921334e-16 0.95625 1.1710685016846565e-16 0.95625 0.045312500000000124 0.9875 0.045312500000000124