0 0.29375000000000007 0.83125 0.2531250000000001 0.83125 0.2531250000000001 0.878125 0.29375000000000007 0.878125
0 0.19687500000000008 0.7984375 0.1703125000000001 0.7984375 0.1703125000000001 0.8421875 0.19687500000000008 0.8421875
0 0.10468750000000009 0.8015625 0.057812500000000086 0.8015625 0.057812500000000086 0.809375 0.10468750000000009 0.809375
0 0.16406250000000008 0.728125 0.1281250000000001 0.728125 0.1281250000000001 0.7703125 0.16406250000000008 0.7703125
0 0.07812500000000008 0.6984375 0.05156250000000009 0.6984375 0.05156250000000009 0.7296875 0.07812500000000008 0.7296875
0 0.07968750000000009 0.7 0.06093750000000009 0.7 0.06093750000000009 0.7125 0.07968750000000009 0.7125
0 0.06250000000000008 0.6578125 0.037500000000000075 0.6578125 0.03750000000000008 0.6984375 0.06250000000000008 0.6984375
0 0.07031250000000007 0.5890625 0.034375000000000065 0.5890625 0.03437500000000007 0.6328125 0.07031250000000007 0.6328125
0 0.09062500000000007 0.5546875 0.06875000000000006 0.5546875 0.06875000000000006 0.5765625 0.09062500000000007 0.5765625
0 0.06875000000000006 0.5109375 0.034375000000000065 0.5109375 0.034375000000000065 0.55 0.06875000000000006 0.55
0 0.06093750000000007 0.5140625 0.05156250000000007 0.5140625 0.05156250000000007 0.5609375 0.06093750000000007 0.5609375
0 0.10781250000000005 0.46875 0.07656250000000006 0.46875 0.07656250000000006 0.5125 0.10781250000000005 0.5125
0 0.10781250000000005 0.41875 0.07187500000000005 0.41875 0.07187500000000005 0.4515625 0.10781250000000005 0.4515625
0 0.06562500000000004 0.3375 0.04531250000000005 0.3375 0.04531250000000005 0.3875 0.06562500000000004 0.3875
0 0.17812500000000003 0.246875 0.11250000000000004 0.246875 0.11250000000000004 0.25625 0.17812500000000003 0.25625
0 0.16093750000000004 0.2328125 0.10781250000000005 0.2328125 0.10781250000000005 0.253125 0.16093750000000004 0.253125
0 0.12500000000000006 0.2015625 0.059375000000000025 0.2015625 0.059375000000000025 0.215625 0.12500000000000006 0.215625
0 0.11875000000000002 0.1765625 0.09375000000000003 0.1765625 0.09375000000000003 0.2015625 0.11875000000000005 0.2015625
0 0.19687500000000005 0.18281250000000002 0.16562500000000005 0.1828125 0.16562500000000005 0.2203125 0.19687500000000005 0.2203125
0 0.17812500000000003 0.1671875 0.134375 0.1671875 0.13437500000000002 0.1953125 0.17812500000000003 0.1953125
0 0.17968750000000003 0.1671875 0.1734375 0.1671875 0.17343750000000002 0.1953125 0.17968750000000006 0.1953125
0 0.19375 0.12500000000000003 0.1453125 0.125 0.1453125 0.153125 0.19375 0.15312500000000004
0 0.2328125 0.13281250000000003 0.171875 0.1328125 0.171875 0.14843750000000003 0.2328125 0.14843750000000006
0 0.2453125 0.12656250000000005 0.2203125 0.12656250000000005 0.2203125 0.16093750000000004 0.2453125 0.16093750000000004
0 0.29375 0.12343750000000005 0.26875 0.12343750000000005 0.26875 0.17031250000000003 0.29375 0.17031250000000003
0 0.45 0.14218750000000005 0.3640625 0.14218750000000005 0.3640625 0.15781250000000005 0.45 0.15781250000000005
0 0.4515625 0.12031250000000004 0.4109375 0.12031250000000004 0.4109375 0.15781250000000005 0.4515625 0.15781250000000005
0 0.5406250000000001 0.89375 0.46406250000000016 0.89375 0.46406250000000016 0.909375 0.5406250000000001 0.909375
0 0.6437500000000002 0.8640625 0.5625000000000002 0.8640625 0.5625000000000002 0.884375 0.6437500000000002 0.884375
0 0.7453125 0.6421875000000001 0.6640625 0.6421875 0.6640625 0.6578125000000001 0.7453125 0.6578125000000001
0 0.7265625 0.3984375000000001 0.6703125 0.3984375000000001 0.6703125 0.43437500000000007 0.7265625 0.4343750000000002
0 0.5375 0.14843750000000006 0.49375 0.14843750000000006 0.49375 0.18281250000000004 0.5375 0.18281250000000004
0 0.678125 0.16562500000000008 0.590625 0.16562500000000008 0.590625 0.1781250000000001 0.678125 0.1781250000000001
0 0.6453125 0.1593750000000001 0.5703125 0.1593750000000001 0.5703125 0.16406250000000008 0.6453125 0.16406250000000008
0 0.6984375 0.15000000000000008 0.6875 0.15000000000000008 0.6875 0.2000000000000001 0.6984375 0.2000000000000001
0 0.80625 0.1625000000000001 0.753125 0.1625000000000001 0.753125 0.20312500000000008 0.80625 0.20312500000000008
0 0.9484375 0.15468750000000012 0.8671875 0.1546875000000001 0.8671875 0.1671875000000001 0.9484375 0.16718750000000013
0 0.934375 0.14687500000000012 0.85625 0.1468750000000001 0.85625 0.15312500000000012 0.934375 0.15312500000000012
0 0.965625 0.2015625000000001 0.9015625 0.2015625000000001 0.9015625 0.22656250000000008 0.965625 0.22656250000000008
0 0.94375 0.2468750000000001 0.9171875 0.2468750000000001 0.9171875 0.2531250000000001 0.94375 0.2531250000000001
0 0.8890625 0.2375000000000001 0.8765625 0.2375000000000001 0.8765625 0.2812500000000001 0.8890625 0.2812500000000001
0 0.875 0.2093750000000001 0.81875 0.2093750000000001 0.81875 0.23593750000000008 0.875 0.23593750000000008
0 0.8375 0.2390625000000001 0.8171875 0.2390625000000001 0.8171875 0.2734375000000001 0.8375 0.2734375000000001
0 0.890625 0.27031250000000007 0.8625 0.27031250000000007 0.8625 0.3140625000000001 0.890625 0.3140625000000001
0 0.8359375 0.4906250000000002 0.7921875 0.4906250000000002 0.7921875 0.5281250000000002 0.8359375 0.5281250000000002
0 0.8921875 0.8859375 0.8265625 0.8859375 0.8265625 0.9078125 0.8921875 0.9078125
0 0.925 0.846875 0.9109375 0.846875 0.9109375 0.890625 0.925 0.890625
0 0.9296875 0.7859375000000002 0.9125 0.7859375000000002 0.9125 0.8328125 0.9296875 0.8328125
0 0.93125 0.7312500000000002 0.88125 0.7312500000000002 0.88125 0.7812500000000002 0.93125 0.7812500000000002
0 0.9671875 0.7687500000000002 0.9546875 0.7687500000000002 0.9546875 0.7812500000000002 0.9671875 0.7812500000000002
0 0.95625 0.6343750000000001 0.940625 0.6343750000000001 0.940625 0.6718750000000002 0.95625 0.6718750000000002
0 0.925 0.5781250000000002 0.9109375 0.5781250000000002 0.9109375 0.6265625000000001 0.925 0.6265625000000001
0 0.8875 0.5093750000000001 0.8765625 0.5093750000000001 0.8765625 0.5500000000000002 0.8875 0.5500000000000002
0 0.953125 0.4890625000000002 0.9328125 0.4890625000000002 0.9328125 0.5281250000000002 0.953125 0.5281250000000002
0 0.9421875 0.4265625000000002 0.921875 0.4265625000000002 0.921875 0.4703125000000002 0.9421875 0.4703125000000002
0 0.965625 0.4187500000000002 0.95 0.4187500000000002 0.95 0.4625000000000002 0.965625 0.4625000000000002
0 0.9515625 0.3828125000000001 0.9359375 0.3828125000000001 0.9359375 0.44062500000000016 0.9515625 0.44062500000000016
0 0.78125 0.2750000000000001 0.725 0.2750000000000001 0.725 0.31718750000000007 0.78125 0.31718750000000007
0 0.38750000000000007 0.4703125 0.3140625000000001 0.4703125 0.3140625000000001 0.4828125 0.38750000000000007 0.4828125
0 0.3296875000000001 0.4671875 0.28593750000000007 0.4671875 0.28593750000000007 0.4953125 0.3296875000000001 0.4953125
0 0.3781250000000001 0.4390625 0.3703125000000001 0.4390625 0.3703125000000001 0.4796875 0.3781250000000001 0.4796875