0 0.10000000000000009 0.871875 0.04375000000000011 0.871875 0.04375000000000011 0.896875 0.10000000000000009 0.896875
0 0.17968750000000008 0.8484375 0.15781250000000008 0.8484375 0.15781250000000008 0.89375 0.17968750000000008 0.89375
0 0.2593750000000001 0.8859375 0.17343750000000008 0.8859375 0.17343750000000008 0.9015625 0.2593750000000001 0.9015625
0 0.3062500000000001 0.9 0.23593750000000008 0.9 0.23593750000000008 0.91875 0.3062500000000001 0.91875
0 0.2234375000000001 0.8234375 0.15781250000000008 0.8234375 0.15781250000000008 0.859375 0.2234375000000001 0.859375
0 0.22656250000000008 0.8046875 0.1296875000000001 0.8046875 0.1296875000000001 0.8140625 0.22656250000000008 0.8140625
0 0.15000000000000008 0.7984375 0.05937500000000009 0.7984375 0.05937500000000009 0.80625 0.15000000000000008 0.80625
0 0.1359375000000001 0.6265625 0.11250000000000009 0.6265625 0.11250000000000009 0.675 0.1359375000000001 0.675
0 0.08437500000000007 0.6265625 0.06093750000000007 0.6265625 0.060937500000000075 0.678125 0.08437500000000009 0.678125
0 0.1765625000000001 0.5484375 0.09843750000000007 0.5484375 0.09843750000000007 0.5703125 0.1765625000000001 0.5703125
0 0.13906250000000003 0.4875 0.12812500000000004 0.4875 0.12812500000000004 0.54375 0.13906250000000003 0.54375
0 0.11562500000000005 0.4734375 0.10468750000000004 0.4734375 0.10468750000000004 0.5125 0.11562500000000005 0.5125
0 0.10156250000000004 0.4375 0.07656250000000005 0.4375 0.07656250000000006 0.475 0.10156250000000004 0.475
0 0.14062500000000006 0.4359375 0.11562500000000005 0.4359375 0.11562500000000005 0.4890625 0.14062500000000006 0.4890625
0 0.18906250000000005 0.228125 0.17031250000000003 0.228125 0.17031250000000003 0.2765625 0.18906250000000005 0.2765625
0 0.24375 0.18125000000000005 0.2 0.18125000000000005 0.2 0.225 0.24375 0.225
0 0.209375 0.13593750000000002 0.1109375 0.1359375 0.1109375 0.14062500000000003 0.209375 0.14062500000000006
0 0.253125 0.11406250000000004 0.2 0.11406250000000004 0.2 0.15625000000000006 0.253125 0.15625000000000006
0 0.1921875 0.11562500000000002 0.16875 0.115625 0.16875 0.12812500000000002 0.1921875 0.12812500000000004
0 0.43125 0.17500000000000004 0.346875 0.17500000000000004 0.346875 0.19531250000000006 0.43125 0.19531250000000006
0 0.5171875 0.16250000000000003 0.4546875 0.16250000000000003 0.4546875 0.19218750000000004 0.5171875 0.19218750000000004
0 0.4578125 0.14843750000000006 0.390625 0.14843750000000006 0.390625 0.17812500000000003 0.4578125 0.17812500000000003
0 0.7140625 0.054687500000000076 0.6265625 0.05468750000000007 0.6265625 0.08437500000000007 0.7140625 0.08437500000000009
0 0.8765625 0.0687500000000001 0.775 0.06875000000000009 0.775 0.0968750000000001 0.8765625 0.09687500000000011
0 0.7890625 0.1218750000000001 0.690625 0.1218750000000001 0.690625 0.1312500000000001 0.7890625 0.1312500000000001
0 0.9828125 0.13750000000000012 0.896875 0.1375000000000001 0.896875 0.1515625000000001 0.9828125 0.15156250000000013
0 1 0.12812500000000013 0.9453125 0.12812500000000013 0.9453125 0.13593750000000013 1 0.13593750000000013
0 1 0.17187500000000014 0.95625 0.17187500000000014 0.95625 0.18437500000000012 1 0.18437500000000012
0 0.8734375 0.2171875000000001 0.7859375 0.2171875000000001 0.7859375 0.23437500000000008 0.8734375 0.23437500000000008
0 0.8671875 0.1984375000000001 0.815625 0.1984375000000001 0.815625 0.24375000000000008 0.8671875 0.24375000000000008
0 0.8921875 0.24218750000000008 0.8453125 0.24218750000000008 0.8453125 0.2875000000000001 0.8921875 0.2875000000000001
0 0.6421875 0.1687500000000001 0.5578125 0.1687500000000001 0.5578125 0.1843750000000001 0.6421875 0.1843750000000001
0 0.296875 0.290625 0.2453125 0.290625 0.2453125 0.3078125 0.296875 0.3078125
0 0.4796875 0.3046875000000001 0.378125 0.3046875000000001 0.378125 0.3140625000000001 0.4796875 0.3140625000000001
0 0.46875 0.4796875 0.4375 0.4796875 0.4375 0.5125 0.46875 0.5125
0 0.54375 0.4890625 0.471875 0.4890625 0.471875 0.5234375 0.54375 0.5234375
0 0.5625 0.55 0.490625 0.55 0.490625 0.5828125 0.5625 0.5828125
0 0.5703125 0.5453125 0.5046875 0.5453125 0.5046875 0.571875 0.5703125 0.571875
0 0.65 0.453125 0.5921875 0.453125 0.5921875 0.496875 0.65 0.496875
0 0.7 0.496875 0.6953125 0.496875 0.6953125 0.5453125 0.7 0.5453125
0 0.7484375 0.5687500000000001 0.7140625 0.56875 0.7140625 0.6000000000000001 0.7484375 0.6000000000000002
0 0.7140625 0.5546875 0.696875 0.5546875 0.696875 0.5671875 0.7140625 0.5671875
0 0.79375 0.5765625000000002 0.771875 0.5765625000000002 0.771875 0.6250000000000002 0.79375 0.6250000000000002
0 0.8703125 0.4515625000000002 0.846875 0.4515625000000002 0.846875 0.49531250000000016 0.8703125 0.49531250000000016
0 0.9421875 0.4359375000000002 0.8703125 0.4359375000000002 0.8703125 0.46093750000000017 0.9421875 0.46093750000000017
0 1 0.4515625000000002 0.9796875 0.4515625000000002 0.9796875 0.4781250000000002 1 0.4781250000000002
0 0.4890625 0.65625 0.48125 0.65625 0.48125 0.7 0.4890625 0.7
0 0.4546875000000002 0.8640625 0.43750000000000017 0.8640625 0.43750000000000017 0.9125 0.4546875000000002 0.9125
0 0.5375000000000002 0.8328125 0.5109375000000002 0.8328125 0.5109375000000002 0.8828125 0.5375000000000002 0.8828125
0 0.5390625000000002 0.890625 0.45625000000000016 0.890625 0.45625000000000016 0.9046875 0.5390625000000002 0.9046875
0 0.6703125000000002 0.8890625 0.5890625000000002 0.8890625 0.5890625000000002 0.89375 0.6703125000000002 0.89375
0 0.925 0.9359375 0.8453125 0.9359375 0.8453125 0.9546875 0.925 0.9546875
0 0.840625 0.8921875 0.803125 0.8921875 0.803125 0.93125 0.840625 0.93125
0 0.8484375 0.871875 0.7828125000000001 0.871875 0.7828125000000001 0.8921875 0.8484375 0.8921875
0 0.903125 0.9 0.8953125 0.9 0.8953125 0.9265625 0.903125 0.9265625
0 0.9703125 0.85 0.9078125 0.85 0.9078125 0.8734375 0.9703125 0.8734375
0 0.975 0.853125 0.9671875 0.853125 0.9671875 0.903125 0.975 0.903125
0 1 0.865625 0.9765625 0.865625 0.9765625 0.8984375 1 0.8984375
0 0.8734375 0.8046875 0.809375 0.8046875 0.809375 0.8265625 0.8734375 0.8265625