0 0.85 0.5500000000000002 0.809375 0.5500000000000002 0.809375 0.6093750000000002 0.85 0.6093750000000002
0 0.8703125 0.4734375000000002 0.7921875 0.4734375000000002 0.7921875 0.5296875000000002 0.8703125 0.5296875000000002
0 0.9015625 0.4812500000000002 0.8375 0.4812500000000002 0.8375 0.5296875000000002 0.9015625 0.5296875000000002
0 0.9671875 0.4703125000000002 0.8765625 0.4703125000000002 0.8765625 0.47656250000000017 0.9671875 0.47656250000000017
0 1 0.4515625000000002 0.9671875 0.4515625000000002 0.9671875 0.4781250000000002 1 0.4781250000000002
0 0.9828125 0.3281250000000001 0.8796875 0.3281250000000001 0.8796875 0.37187500000000007 0.9828125 0.37187500000000007
0 1 0.9625 0.959375 0.9625 0.959375 0.98125 1 0.98125
0 0.846875 0.828125 0.7578125000000002 0.828125 0.7578125000000002 0.85625 0.846875 0.85625
0 0.7750000000000001 0.8640625 0.7390625000000002 0.8640625 0.7390625000000002 0.9015625 0.7750000000000001 0.9015625
0 0.7468750000000002 0.81875 0.6921875000000002 0.81875 0.6921875000000002 0.8765625 0.7468750000000002 0.8765625
0 0.45625000000000016 0.8734375 0.3781250000000001 0.8734375 0.3781250000000001 0.9359375 0.45625000000000016 0.9359375
0 0.3062500000000001 0.8328125 0.1906250000000001 0.8328125 0.1906250000000001 0.8609375 0.3062500000000001 0.8609375
0 0.625 0.3703125000000001 0.55625 0.3703125000000001 0.55625 0.4234375 0.625 0.4234375
0 0.51875 0.37187500000000007 0.490625 0.37187500000000007 0.490625 0.4375 0.51875 0.4375
0 0.4484375 0.3765625000000001 0.37187500000000007 0.3765625000000001 0.37187500000000007 0.41875 0.4484375 0.41875
0 0.234375 0.2046875 0.221875 0.2046875 0.221875 0.2578125 0.234375 0.2578125
0 0.303125 0.2265625 0.19062500000000004 0.2265625 0.19062500000000004 0.240625 0.303125 0.240625
0 0.2765625 0.16093750000000004 0.2609375 0.16093750000000004 0.2609375 0.2171875 0.2765625 0.2171875
0 0.3703125 0.050000000000000044 0.2890625 0.050000000000000044 0.2890625 0.08125000000000004 0.3703125 0.08125000000000004
0 0.240625 2.6406446606614805e-17 0.190625 2.3344829608746423e-17 0.190625 0.020312500000000025 0.240625 0.02031250000000003
0 0.5546875 0.04375000000000006 0.446875 0.04375000000000005 0.446875 0.05625000000000006 0.5546875 0.056250000000000064
0 0.59375 0.009375000000000066 0.465625 0.009375000000000059 0.465625 0.025000000000000067 0.59375 0.025000000000000078
0 0.921875 0.010937500000000105 0.8 0.010937500000000096 0.8 0.018750000000000107 0.921875 0.01875000000000011
0 0.0359375 0.015625000000000003 0.001562500000000002 0.015625 0.0015625000000000031 0.034375 0.0359375 0.034375
0 0.0390625 4.11404784088564e-18 0.028125 3.444319122601931e-18 0.028125 0.034375 0.0390625 0.034375