0 0.8296875 0.8296875 0.8140625 0.8296875 0.8140625 0.8703125 0.8296875 0.8703125
0 0.6156250000000002 0.7484375 0.5531250000000002 0.7484375 0.5531250000000002 0.809375 0.6156250000000002 0.809375
0 0.534375 0.6875 0.5 0.6875 0.5000000000000001 0.740625 0.5343750000000002 0.740625
0 0.3609375000000001 0.84375 0.3390625000000001 0.84375 0.3390625000000001 0.884375 0.3609375000000001 0.884375
0 0.3765625000000001 0.80625 0.34062500000000007 0.80625 0.34062500000000007 0.85 0.3765625000000001 0.85
0 0.3359375000000001 0.85 0.3140625000000001 0.85 0.3140625000000001 0.8546875 0.3359375000000001 0.8546875
0 0.2875000000000001 0.7140625 0.21250000000000008 0.7140625 0.21250000000000008 0.7453125 0.2875000000000001 0.7453125
0 0.2078125000000001 0.7234375 0.18750000000000008 0.7234375 0.18750000000000008 0.7671875 0.2078125000000001 0.7671875
0 0.3390625000000001 0.5515625 0.2921875000000001 0.5515625 0.2921875000000001 0.5921875 0.3390625000000001 0.5921875
0 0.31718750000000007 0.4640625 0.2765625000000001 0.4640625 0.2765625000000001 0.5015625 0.31718750000000007 0.5015625
0 0.30937500000000007 0.4390625 0.29375000000000007 0.4390625 0.29375000000000007 0.471875 0.30937500000000007 0.471875
0 0.1750000000000001 0.8375 0.07812500000000011 0.8375 0.07812500000000011 0.865625 0.1750000000000001 0.865625
0 0.1390625000000001 0.80625 0.0453125000000001 0.80625 0.0453125000000001 0.8140625 0.1390625000000001 0.8140625
0 0.08750000000000009 0.7140625 0.05312500000000009 0.7140625 0.05312500000000009 0.7671875 0.08750000000000009 0.7671875
0 0.1750000000000001 0.7328125 0.08906250000000009 0.7328125 0.08906250000000009 0.7703125 0.1750000000000001 0.7703125
0 0.11718750000000008 0.696875 0.10000000000000009 0.696875 0.10000000000000009 0.740625 0.11718750000000008 0.740625
0 0.1453125000000001 0.6640625 0.1296875000000001 0.6640625 0.1296875000000001 0.7125 0.1453125000000001 0.7125
0 0.12031250000000009 0.5875 0.08906250000000007 0.5875 0.08906250000000007 0.6453125 0.12031250000000009 0.6453125
0 0.08281250000000004 0.38125 0.059375000000000046 0.38125 0.059375000000000046 0.425 0.08281250000000004 0.425
0 0.11250000000000004 0.3 0.05625000000000004 0.3 0.05625000000000004 0.3484375 0.11250000000000004 0.3484375
0 0.14687500000000003 0.2578125 0.08750000000000002 0.2578125 0.08750000000000004 0.29375 0.14687500000000003 0.29375
0 0.06093750000000003 0.2328125 0.04531250000000003 0.2328125 0.04531250000000003 0.2765625 0.06093750000000005 0.2765625
0 0.11406250000000004 0.2140625 0.07031250000000003 0.2140625 0.07031250000000003 0.2421875 0.11406250000000004 0.2421875
0 0.08750000000000002 0.2015625 0.04062500000000002 0.2015625 0.04062500000000002 0.2109375 0.08750000000000002 0.2109375
0 0.3640625 0.15937500000000004 0.2875 0.15937500000000004 0.2875 0.17500000000000004 0.3640625 0.17500000000000004
0 0.5390625 0.3203125000000001 0.4421875 0.3203125000000001 0.4421875 0.3296875000000001 0.5390625 0.3296875000000001
0 0.778125 0.04062500000000009 0.7125 0.04062500000000009 0.7125 0.05625000000000009 0.778125 0.05625000000000009
0 0.7421875 0.0671875000000001 0.6515625 0.0671875000000001 0.6515625 0.0750000000000001 0.7421875 0.0750000000000001