0 0.22812500000000008 0.9859375 0.09375000000000011 0.9859375 0.09375000000000012 1 0.22812500000000008 1
0 0.23437500000000008 0.9171875 0.11718750000000014 0.9171875 0.11718750000000014 0.9625 0.23437500000000008 0.9625
0 0.38750000000000007 0.9234375 0.3687500000000001 0.9234375 0.3687500000000001 0.9375 0.38750000000000007 0.9375
0 0.0640625000000001 0.865625 0.03593750000000011 0.865625 0.03593750000000011 0.8953125 0.0640625000000001 0.8953125
0 0.0375000000000001 0.796875 0.007812500000000097 0.796875 0.0078125000000001 0.8390625 0.0375000000000001 0.8390625
0 0.521875 0.45 0.4984375 0.45 0.4984375 0.50625 0.521875 0.50625
0 0.53125 0.4109375 0.5171875 0.4109375 0.5171875 0.4671875 0.53125 0.4671875
0 0.6171875 0.37968750000000007 0.4984375 0.37968750000000007 0.4984375 0.39531250000000007 0.6171875 0.39531250000000007
0 0.778125 0.46562500000000007 0.6671875 0.465625 0.6671875 0.5015625000000001 0.778125 0.5015625000000001
0 0.9984375 0.2000000000000001 0.878125 0.2000000000000001 0.878125 0.2140625000000001 0.9984375 0.2140625000000001
0 0.8046875 0.0468750000000001 0.7890625 0.0468750000000001 0.7890625 0.11562500000000009 0.8046875 0.11562500000000009
0 0.73125 0.1312500000000001 0.6265625 0.1312500000000001 0.6265625 0.1437500000000001 0.73125 0.1437500000000001
0 0.578125 0.14843750000000006 0.453125 0.14843750000000006 0.453125 0.16093750000000007 0.578125 0.1609375000000001
0 0.13125000000000003 0.2140625 0.07343750000000002 0.2140625 0.07343750000000002 0.2625 0.13125000000000003 0.2625
0 0.1921875 0.12812500000000002 0.1515625 0.128125 0.15156250000000002 0.2078125 0.19218750000000004 0.2078125
0 0.08281250000000002 0.128125 1.5690787114075464e-17 0.128125 1.6838893488276106e-17 0.146875 0.08281250000000002 0.146875
0 0.017187500000000015 0.1078125 1.3203223303307403e-17 0.1078125 1.4064303083957884e-17 0.121875 0.017187500000000015 0.121875
0 0.1296875 0.018750000000000013 0.0734375 0.01875000000000001 0.0734375 0.03593750000000001 0.1296875 0.03593750000000001
0 0.029687500000000012 0.0875 1.071565949253934e-17 0.0875 1.1672414804373208e-17 0.103125 0.029687500000000012 0.103125
0 0.178125 2.1048616860345134e-17 0.165625 2.0283212610878037e-17 0.165625 0.0046875000000000215 0.178125 0.004687500000000022
0 0.23125 2.7267526387265288e-17 0.2140625 2.6215095544248028e-17 0.2140625 0.006250000000000026 0.23125 0.006250000000000028