0 0.015625000000000118 0.940625 1.1519333954479792e-16 0.940625 1.1634144591899854e-16 0.959375 0.015625000000000118 0.959375
0 0.1312500000000001 0.7078125 0.07031250000000008 0.7078125 0.07031250000000008 0.740625 0.1312500000000001 0.740625
0 0.06093750000000009 0.6484375 0.020312500000000077 0.6484375 0.020312500000000084 0.7125 0.06093750000000009 0.7125
0 0.04062500000000007 0.58125 0.007812500000000073 0.58125 0.007812500000000078 0.678125 0.04062500000000008 0.678125
0 0.16093750000000004 0.4671875 0.11406250000000004 0.4671875 0.11406250000000004 0.521875 0.16093750000000004 0.521875
0 0.09687500000000006 0.425 0.06093750000000005 0.425 0.060937500000000054 0.5078125 0.09687500000000007 0.5078125
0 0.14687500000000003 0.2609375 0.11718750000000004 0.2609375 0.11718750000000004 0.3546875 0.14687500000000003 0.3546875
0 0.10781250000000005 0.2640625 0.050000000000000024 0.2640625 0.05000000000000003 0.284375 0.10781250000000005 0.284375
0 0.11875000000000005 0.196875 0.07031250000000003 0.196875 0.07031250000000003 0.221875 0.11875000000000005 0.221875
0 0.1765625 0.13125 0.1375 0.13125 0.1375 0.21875 0.17656250000000004 0.21875
0 0.0859375 7.55836696348757e-18 0.0375 4.592425496802574e-18 0.0375 0.03281250000000001 0.0859375 0.03281250000000001
0 0.4765625 5.817072295949927e-17 0.4734375 5.79793718971325e-17 0.4734375 0.014062500000000058 0.4765625 0.014062500000000061
0 0.65 0.23437500000000008 0.6078125 0.23437500000000008 0.6078125 0.3312500000000001 0.65 0.3312500000000001
0 0.6359375 0.1984375000000001 0.625 0.1984375000000001 0.625 0.3218750000000001 0.6359375 0.3218750000000001
0 0.6578125 0.1828125000000001 0.6515625 0.1828125000000001 0.6515625 0.2406250000000001 0.6578125 0.2406250000000001
0 0.73125 0.1062500000000001 0.6953125 0.1062500000000001 0.6953125 0.1515625000000001 0.73125 0.1515625000000001
0 0.75 0.03750000000000009 0.6828125 0.03750000000000009 0.6828125 0.07031250000000008 0.75 0.07031250000000008
0 0.8859375 1.0667821726947646e-16 0.85625 1.0486038217699211e-16 0.85625 0.08437500000000012 0.8859375 0.08437500000000012
0 0.6453125 0.43125 0.5890625 0.43125 0.5890625 0.45 0.6453125 0.45
0 0.815625 0.40156250000000016 0.790625 0.40156250000000016 0.790625 0.4890625000000002 0.815625 0.4890625000000002
0 0.9765625 0.6000000000000002 0.909375 0.6000000000000002 0.909375 0.6234375000000002 0.9765625 0.6234375000000002
0 0.959375 0.95 0.946875 0.95 0.946875 1 0.959375 1
0 0.84375 0.7984375000000001 0.8203125 0.7984375000000001 0.8203125 0.896875 0.84375 0.896875
0 0.6640625000000001 0.7015625 0.653125 0.7015625 0.6531250000000001 0.8109375 0.6640625000000002 0.8109375
0 0.7328125000000002 0.865625 0.6765625000000002 0.865625 0.6765625000000002 0.9109375 0.7328125000000002 0.9109375
0 0.6484375000000002 0.846875 0.5765625000000002 0.846875 0.5765625000000002 0.8625 0.6484375000000002 0.8625
0 0.3843750000000001 0.7140625 0.3656250000000001 0.7140625 0.3656250000000001 0.8296875 0.3843750000000001 0.8296875
0 0.2406250000000001 0.7109375 0.2062500000000001 0.7109375 0.2062500000000001 0.8609375 0.2406250000000001 0.8609375
0 0.1796875000000001 0.903125 0.1703125000000001 0.903125 0.17031250000000012 1 0.17968750000000014 1