0 0.17968750000000008 0.834375 0.14843750000000008 0.834375 0.14843750000000008 0.8515625 0.17968750000000008 0.8515625
0 0.2765625000000001 0.7984375 0.2390625000000001 0.7984375 0.2390625000000001 0.828125 0.2765625000000001 0.828125
0 0.3890625000000001 0.7859375 0.3500000000000001 0.7859375 0.3500000000000001 0.8125 0.3890625000000001 0.8125
0 0.6531250000000001 0.7078125 0.60625 0.7078125 0.6062500000000001 0.7265625 0.6531250000000002 0.7265625
0 0.7984375 0.6468750000000002 0.775 0.6468750000000002 0.775 0.6718750000000002 0.7984375 0.6718750000000002
0 0.7078125 0.5109375 0.659375 0.5109375 0.659375 0.525 0.7078125 0.525
0 0.734375 0.4796875000000001 0.6953125 0.4796875 0.6953125 0.5078125000000001 0.734375 0.5078125000000002
0 0.6203125 0.46875 0.5796875 0.46875 0.5796875 0.496875 0.6203125 0.496875
0 0.553125 0.44375 0.5078125 0.44375 0.5078125 0.4578125 0.553125 0.4578125
0 0.675 0.4109375 0.65625 0.4109375 0.65625 0.440625 0.675 0.440625
0 0.428125 0.43125 0.3937500000000001 0.43125 0.3937500000000001 0.4609375 0.428125 0.4609375
0 0.3375000000000001 0.38125 0.3140625000000001 0.38125 0.3140625000000001 0.4 0.3375000000000001 0.4
0 0.5578125 0.3468750000000001 0.5203125 0.3468750000000001 0.5203125 0.3828125000000001 0.5578125 0.3828125000000001
0 0.6390625 0.2843750000000001 0.6109375 0.2843750000000001 0.6109375 0.3140625000000001 0.6390625 0.3140625000000001
0 0.6 0.1593750000000001 0.5765625 0.1593750000000001 0.5765625 0.1765625000000001 0.6 0.1765625000000001
0 0.4421875 0.08125000000000004 0.4015625 0.08125000000000004 0.4015625 0.10625000000000004 0.4421875 0.10625000000000004
0 0.6125 0.08906250000000007 0.5703125 0.08906250000000007 0.5703125 0.11562500000000009 0.6125 0.11562500000000009
0 0.6796875 0.11093750000000009 0.6375 0.11093750000000009 0.6375 0.14218750000000008 0.6796875 0.14218750000000008