0 0.02656250000000011 0.8625 1.0562578642645922e-16 0.8625 1.1040956298562856e-16 0.940625 0.02656250000000011 0.940625
0 0.0562500000000001 0.759375 0.04062500000000009 0.759375 0.0406250000000001 0.875 0.05625000000000011 0.875
0 0.04218750000000003 0.2375 2.9085361479749636e-17 0.2375 3.2529680602351567e-17 0.29375 0.04218750000000003 0.29375
0 0.03281250000000003 0.165625 0.026562500000000024 0.165625 0.026562500000000027 0.25625 0.032812500000000036 0.25625
0 0.1328125 0.017187500000000012 0.0640625 0.017187500000000005 0.0640625 0.04531250000000001 0.1328125 0.04531250000000001
0 0.3671875 4.343669115725768e-17 0.3421875 4.190588265832349e-17 0.3421875 0.051562500000000046 0.3671875 0.051562500000000046
0 0.615625 0.17343750000000008 0.5625 0.17343750000000008 0.5625 0.2062500000000001 0.615625 0.2062500000000001
0 0.4625 0.421875 0.4296875 0.421875 0.4296875 0.5078125 0.4625 0.5078125
0 0.5859375 0.4734375 0.5328125 0.4734375 0.5328125 0.490625 0.5859375 0.490625
0 0.6296875 0.4640625 0.5890625 0.4640625 0.5890625 0.5390625 0.6296875 0.5390625
0 0.665625 0.4953125 0.640625 0.4953125 0.640625 0.5921875 0.665625 0.5921875
0 0.853125 0.5000000000000002 0.8140625 0.5000000000000002 0.8140625 0.5312500000000002 0.853125 0.5312500000000002
0 0.7703125 0.3296875000000001 0.7484375 0.3296875000000001 0.7484375 0.4343750000000002 0.7703125 0.4343750000000002
0 0.915625 0.22031250000000008 0.9046875 0.22031250000000008 0.9046875 0.3078125000000001 0.915625 0.3078125000000001
0 0.9234375 0.14687500000000014 0.9078125 0.14687500000000014 0.9078125 0.24375000000000008 0.9234375 0.24375000000000008
0 0.903125 0.1390625000000001 0.8390625 0.1390625000000001 0.8390625 0.1593750000000001 0.903125 0.1593750000000001