0 0.02656250000000012 0.971875 1.190203607921334e-16 0.971875 1.2026414269751743e-16 0.9921875 0.02656250000000012 0.9921875
0 0.031250000000000125 0.990625 0.025000000000000123 0.990625 0.025000000000000123 1 0.031250000000000125 1
0 0.10156250000000014 0.9625 0.0953125000000001 0.9625 0.09531250000000012 1 0.10156250000000014 1
0 0.04062500000000011 0.8734375 0.017187500000000105 0.8734375 0.017187500000000112 0.95 0.04062500000000011 0.95
0 0.0640625000000001 0.85625 0.0390625000000001 0.85625 0.03906250000000011 0.9625 0.0640625000000001 0.9625
0 0.10468750000000013 0.93125 0.05312500000000011 0.93125 0.05312500000000011 0.9390625 0.10468750000000013 0.9390625
0 0.11718750000000011 0.8984375 0.0640625000000001 0.8984375 0.0640625000000001 0.93125 0.11718750000000014 0.93125
0 0.11250000000000011 0.8109375 0.09687500000000009 0.8109375 0.0968750000000001 0.9265625 0.11250000000000013 0.9265625
0 0.1437500000000001 0.721875 0.1218750000000001 0.721875 0.1218750000000001 0.7734375 0.1437500000000001 0.7734375
0 0.012500000000000075 0.609375 7.462691432304184e-17 0.609375 7.682745154025974e-17 0.6453125 0.012500000000000077 0.6453125
0 0.014062500000000071 0.6 7.347880794884119e-17 0.6 7.40528611359415e-17 0.609375 0.014062500000000071 0.609375
0 0.3656250000000001 0.8828125 0.3578125000000001 0.8828125 0.3578125000000001 0.9875 0.3656250000000001 0.9875
0 0.4703125000000002 0.928125 0.4125000000000002 0.928125 0.4125000000000002 0.9625 0.4703125000000002 0.9625
0 0.5046875000000002 0.8515625 0.45625000000000016 0.8515625 0.45625000000000016 0.928125 0.5046875000000002 0.928125
0 0.44843750000000016 0.8125 0.3968750000000001 0.8125 0.3968750000000001 0.8859375 0.44843750000000016 0.8859375
0 0.5375000000000002 0.9578125 0.5218750000000002 0.9578125 0.5218750000000002 0.9671875 0.5375000000000002 0.9671875
0 0.5593750000000002 0.9296875 0.5390625000000002 0.9296875 0.5390625000000002 0.965625 0.5593750000000002 0.965625
0 0.671875 0.5578125 0.6609375 0.5578125 0.6609375 0.659375 0.671875 0.659375
0 0.771875 0.5578125 0.70625 0.5578125 0.70625 0.5843750000000001 0.771875 0.5843750000000002
0 0.7734375 0.49687500000000007 0.7203125 0.496875 0.7203125 0.5515625000000001 0.7734375 0.5515625000000002
0 0.6296875 0.453125 0.6203125 0.453125 0.6203125 0.559375 0.6296875 0.559375
0 0.9125 0.6125000000000002 0.9 0.6125000000000002 0.9 0.7296875000000002 0.9125 0.7296875000000002
0 1 0.5171875000000001 0.9875 0.5171875000000001 0.9875 0.5765625000000002 1 0.5765625000000002
0 0.903125 0.40625000000000017 0.884375 0.40625000000000017 0.884375 0.5078125000000002 0.903125 0.5078125000000002
0 0.8984375 0.3828125000000001 0.834375 0.3828125000000001 0.834375 0.3937500000000001 0.8984375 0.3937500000000001
0 0.3703125000000001 0.528125 0.3531250000000001 0.528125 0.3531250000000001 0.6421875 0.3703125000000001 0.6421875
0 0.3546875000000001 0.3953125 0.3140625000000001 0.3953125 0.3140625000000001 0.4421875 0.3546875000000001 0.4421875
0 0.8859375 0.30156250000000007 0.821875 0.30156250000000007 0.821875 0.3140625000000001 0.8859375 0.3140625000000001
0 0.9828125 0.20312500000000008 0.9390625 0.20312500000000008 0.9390625 0.2890625000000001 0.9828125 0.2890625000000001
0 1 0.20468750000000008 0.9734375 0.20468750000000008 0.9734375 0.2296875000000001 1 0.2296875000000001
0 0.771875 0.1937500000000001 0.759375 0.1937500000000001 0.759375 0.3078125000000001 0.771875 0.3078125000000001
0 0.6125 0.07812500000000007 0.5875 0.07812500000000007 0.5875 0.10000000000000009 0.6125 0.10000000000000009
0 0.7046875 8.390744084783037e-17 0.665625 8.15155525682457e-17 0.665625 0.08906250000000009 0.7046875 0.08906250000000009
0 0.3953125 4.5541552843292194e-17 0.3484375 4.267128690779059e-17 0.3484375 0.04843750000000004 0.3953125 0.04843750000000004
0 0.2203125 2.3344829608746423e-17 0.1609375 1.9709159423777714e-17 0.1609375 0.02812500000000002 0.2203125 0.02812500000000002
0 0.0609375 4.496749965619188e-18 0.0125 1.5308084989341916e-18 0.012500000000000002 0.05 0.0609375 0.05