0 0.1859375 0.1296875 0.1703125 0.1296875 0.1703125 0.17031250000000003 0.1859375 0.17031250000000003
0 0.4484375 0.19062500000000004 0.3859375 0.19062500000000004 0.3859375 0.2515625000000001 0.4484375 0.2515625000000001
0 0.5015625 0.2593750000000001 0.4671875 0.2593750000000001 0.4671875 0.3125000000000001 0.5015625 0.3125000000000001
0 0.6625 0.11562500000000009 0.640625 0.11562500000000009 0.640625 0.15625000000000008 0.6625 0.15625000000000008
0 0.659375 0.15000000000000008 0.6234375 0.15000000000000008 0.6234375 0.1937500000000001 0.659375 0.1937500000000001
0 0.6859375 0.1468750000000001 0.6640625 0.1468750000000001 0.6640625 0.15000000000000008 0.6859375 0.15000000000000008
0 0.7890625 0.2562500000000001 0.7140625 0.2562500000000001 0.7140625 0.2875000000000001 0.7890625 0.2875000000000001
0 0.8125 0.23437500000000008 0.7921875 0.23437500000000008 0.7921875 0.27812500000000007 0.8125 0.27812500000000007
0 0.709375 0.4078125 0.6625 0.4078125 0.6625 0.4484375 0.709375 0.4484375
0 0.7234375 0.5 0.6828125 0.5 0.6828125 0.5375 0.7234375 0.5375
0 0.7078125 0.5296875 0.6921875 0.5296875 0.6921875 0.5625 0.7078125 0.5625
0 0.9234375 0.1343750000000001 0.8265625 0.13437500000000008 0.8265625 0.16250000000000012 0.9234375 0.16250000000000014
0 0.9546875 0.18593750000000012 0.8609375 0.1859375000000001 0.8609375 0.19375000000000012 0.9546875 0.19375000000000014
0 0.9484375 0.23437500000000008 0.9140625 0.23437500000000008 0.9140625 0.2875000000000001 0.9484375 0.2875000000000001
0 0.9125 0.2312500000000001 0.8265625 0.2312500000000001 0.8265625 0.2687500000000001 0.9125 0.2687500000000001
0 0.9015625 0.2609375000000001 0.884375 0.2609375000000001 0.884375 0.3046875000000001 0.9015625 0.3046875000000001
0 0.871875 0.2875000000000001 0.85625 0.2875000000000001 0.85625 0.3359375000000001 0.871875 0.3359375000000001
0 0.9109375 0.35625000000000007 0.8796875 0.35625000000000007 0.8796875 0.4125000000000002 0.9109375 0.4125000000000002
0 0.940625 0.5765625000000002 0.9171875 0.5765625000000002 0.9171875 0.6203125000000002 0.940625 0.6203125000000002
0 0.94375 0.6531250000000002 0.8875 0.6531250000000002 0.8875 0.7015625000000002 0.94375 0.7015625000000002
0 0.9125 0.7062500000000002 0.853125 0.7062500000000002 0.853125 0.7421875000000002 0.9125 0.7421875000000002
0 0.95625 0.7250000000000002 0.940625 0.7250000000000002 0.940625 0.7687500000000002 0.95625 0.7687500000000002
0 0.93125 0.7578125000000002 0.8875 0.7578125000000002 0.8875 0.7859375000000002 0.93125 0.7859375000000002
0 0.959375 0.7890625000000002 0.9125 0.7890625000000002 0.9125 0.7984375000000001 0.959375 0.7984375000000001
0 0.7140625000000002 0.8265625 0.6375000000000002 0.8265625 0.6375000000000002 0.8421875 0.7140625000000002 0.8421875
0 0.5578125 0.6703125 0.4609375 0.6703125 0.4609375 0.6796875 0.5578125 0.6796875
0 0.2890625000000001 0.9453125 0.2234375000000001 0.9453125 0.2234375000000001 0.9609375 0.2890625000000001 0.9609375
0 0.34843750000000007 0.9265625 0.2578125000000001 0.9265625 0.2578125000000001 0.934375 0.34843750000000007 0.934375