0 0.9875 0.93125 0.95 0.93125 0.95 0.990625 0.9875 0.990625
0 0.8421875 0.8265625 0.7312500000000002 0.8265625 0.7312500000000002 0.8453125 0.8421875 0.8453125
0 0.7593750000000001 0.9484375 0.6625000000000002 0.9484375 0.6625000000000002 0.9640625 0.7593750000000001 0.9640625
0 0.6859375000000002 0.9375 0.6203125000000002 0.9375 0.6203125000000002 0.9609375 0.6859375000000002 0.9609375
0 0.6359375000000002 0.9046875 0.5640625000000001 0.9046875 0.5640625000000001 0.9515625 0.6359375000000002 0.9515625
0 0.6218750000000002 0.8953125 0.5625000000000002 0.8953125 0.5625000000000002 0.9078125 0.6218750000000002 0.9078125
0 0.5390625000000002 0.8234375 0.4703125000000002 0.8234375 0.4703125000000002 0.8703125 0.5390625000000002 0.8703125
0 0.5687500000000001 0.715625 0.49375 0.715625 0.4937500000000001 0.753125 0.5687500000000002 0.753125
0 0.50625 0.646875 0.4390625 0.646875 0.4390625 0.690625 0.50625 0.690625
0 0.9515625 0.6421875000000001 0.9234375 0.6421875000000001 0.9234375 0.7125000000000001 0.9515625 0.7125000000000001
0 1 0.36406250000000007 0.96875 0.36406250000000007 0.96875 0.3734375000000001 1 0.3734375000000001
0 0.8171875 0.2687500000000001 0.7578125 0.2687500000000001 0.7578125 0.3125000000000001 0.8171875 0.3125000000000001
0 0.8703125 0.15000000000000008 0.7609375 0.15000000000000008 0.7609375 0.1703125000000001 0.8703125 0.1703125000000001
0 0.6875 0.08750000000000009 0.646875 0.08750000000000009 0.646875 0.1468750000000001 0.6875 0.1468750000000001
0 1 0.11562500000000013 0.9671875 0.11562500000000013 0.9671875 0.12031250000000013 1 0.12031250000000013
0 0.4984375 5.855342508423283e-17 0.4578125 5.606586127346476e-17 0.4578125 0.01875000000000006 0.4984375 0.018750000000000062
0 0.4671875 0.026562500000000055 0.4234375 0.026562500000000055 0.4234375 0.05156250000000005 0.4671875 0.05156250000000007
0 0.4765625 0.17031250000000003 0.3921875 0.17031250000000003 0.3921875 0.2156250000000001 0.4765625 0.2156250000000001
0 0.540625 0.21093750000000008 0.45 0.21093750000000008 0.45 0.2375000000000001 0.540625 0.2375000000000001
0 0.2484375 0.3546875 0.16718750000000004 0.3546875 0.16718750000000004 0.3609375 0.2484375 0.3609375
0 0.13750000000000004 0.365625 0.06718750000000004 0.365625 0.06718750000000004 0.41875 0.13750000000000004 0.41875
0 0.28125 0.24375 0.15000000000000005 0.24375 0.15000000000000005 0.265625 0.28125 0.265625
0 0.1843750000000001 0.821875 0.09375000000000011 0.821875 0.09375000000000011 0.8640625 0.1843750000000001 0.8640625
0 0.053125000000000075 0.621875 7.615772282197602e-17 0.621875 7.711447813380989e-17 0.6375 0.05312500000000009 0.6375