0 0.09687500000000002 0.07187500000000001 0.05625 0.071875 0.05625000000000001 0.1234375 0.09687500000000002 0.1234375
0 0.10625 0.09375000000000001 0.08437500000000002 0.09375 0.08437500000000002 0.178125 0.10625 0.178125
0 0.2 0.11718750000000003 0.171875 0.1171875 0.171875 0.14375000000000002 0.2 0.14375000000000004
0 0.19843750000000004 0.4453125 0.14531250000000004 0.4453125 0.14531250000000004 0.45625 0.19843750000000004 0.45625
0 0.14843750000000008 0.578125 0.10937500000000008 0.578125 0.10937500000000008 0.63125 0.14843750000000008 0.63125
0 0.12031250000000011 0.90625 0.0640625000000001 0.90625 0.0640625000000001 0.95 0.12031250000000013 0.95
0 0.09375000000000011 0.9484375 0.03750000000000011 0.9484375 0.03750000000000012 0.9765625 0.09375000000000011 0.9765625
0 0.2734375 0.048437500000000036 0.25625 0.048437500000000036 0.25625 0.05937500000000003 0.2734375 0.059375000000000046
0 0.30625 0.040625000000000036 0.275 0.040625000000000036 0.275 0.057812500000000044 0.30625 0.057812500000000044
0 0.353125 4.286263797015736e-17 0.346875 4.247993584542381e-17 0.346875 0.021875000000000044 0.353125 0.021875000000000044
0 0.3875 4.582857943684236e-17 0.3609375 4.420209540672478e-17 0.3609375 0.03750000000000005 0.3875 0.03750000000000005
0 0.3484375 0.07968750000000005 0.328125 0.07968750000000005 0.328125 0.16093750000000004 0.3484375 0.16093750000000004
0 0.5875 7.041719095097281e-17 0.5625 6.888638245203862e-17 0.5625 0.02343750000000007 0.5875 0.023437500000000073
0 0.6296875 7.634907388434281e-17 0.6171875 7.558366963487571e-17 0.6171875 0.017187500000000078 0.6296875 0.017187500000000078
0 0.6546875 0.04843750000000008 0.6 0.04843750000000008 0.6 0.06250000000000008 0.6546875 0.06250000000000008
0 0.26250000000000007 0.31875 0.234375 0.31875 0.23437500000000006 0.390625 0.26250000000000007 0.390625
0 0.2718750000000001 0.6296875 0.2250000000000001 0.6296875 0.2250000000000001 0.6765625 0.2718750000000001 0.6765625
0 0.4359375 0.621875 0.3781250000000001 0.621875 0.3781250000000001 0.6640625 0.4359375 0.6640625
0 0.3765625000000001 0.9703125 0.3343750000000001 0.9703125 0.3343750000000001 0.996875 0.3765625000000001 0.996875
0 0.5703125000000002 0.9234375 0.5312500000000002 0.9234375 0.5312500000000002 0.9765625 0.5703125000000002 0.9765625
0 0.4078125000000002 0.875 0.3546875000000001 0.875 0.3546875000000001 0.890625 0.4078125000000002 0.890625
0 0.5093750000000001 0.8109375 0.4625000000000002 0.8109375 0.4625000000000002 0.825 0.5093750000000001 0.825
0 0.5718750000000001 0.825 0.5312500000000002 0.825 0.5312500000000002 0.85 0.5718750000000001 0.85
0 0.4953125 0.37968750000000007 0.4765625 0.37968750000000007 0.4765625 0.459375 0.4953125 0.459375
0 0.6656250000000001 0.8734375 0.6406250000000002 0.8734375 0.6406250000000002 0.946875 0.6656250000000001 0.946875
0 0.7437500000000001 0.9375 0.7218750000000002 0.9375 0.7218750000000002 1 0.7437500000000001 1
0 0.7875000000000002 0.959375 0.7468750000000002 0.959375 0.7468750000000002 0.971875 0.7875000000000002 0.971875
0 0.7656250000000002 0.96875 0.7453125000000002 0.96875 0.7453125000000002 1 0.7656250000000002 1
0 0.7968750000000002 0.971875 0.7562500000000002 0.971875 0.7562500000000002 0.99375 0.7968750000000002 0.99375
0 0.7968750000000002 0.865625 0.7656250000000002 0.865625 0.7656250000000002 0.9328125 0.7968750000000002 0.9328125
0 0.8109375 0.94375 0.8015625 0.94375 0.8015625 0.99375 0.8109375 0.99375
0 0.84375 0.9 0.81875 0.9 0.81875 0.9640625 0.84375 0.9640625
0 0.88125 0.9203125 0.86875 0.9203125 0.86875 1 0.88125 1
0 0.871875 0.8078125 0.825 0.8078125 0.825 0.859375 0.871875 0.859375
0 0.8796875 0.8078125 0.8328125 0.8078125 0.8328125 0.8578125 0.8796875 0.8578125
0 0.9 0.7437500000000001 0.878125 0.7437500000000001 0.878125 0.8328125 0.9 0.8328125
0 0.890625 0.853125 0.878125 0.853125 0.878125 0.9109375 0.890625 0.9109375
0 0.953125 0.9015625 0.89375 0.9015625 0.89375 1 0.953125 1
0 0.7078125000000001 0.7171875 0.65625 0.7171875 0.6562500000000001 0.76875 0.7078125000000002 0.76875
0 0.7109375 0.1906250000000001 0.684375 0.1906250000000001 0.684375 0.2687500000000001 0.7109375 0.2687500000000001
0 0.728125 0.0984375000000001 0.7203125 0.0984375000000001 0.7203125 0.1781250000000001 0.728125 0.1781250000000001
0 0.771875 0.1468750000000001 0.7265625 0.1468750000000001 0.7265625 0.1843750000000001 0.771875 0.1843750000000001
0 0.7453125 0.06562500000000009 0.7203125 0.06562500000000009 0.7203125 0.1312500000000001 0.7453125 0.1312500000000001
0 0.7625 0.01562500000000009 0.7390625 0.01562500000000009 0.7390625 0.09375000000000008 0.7625 0.09375000000000008
0 0.865625 0.5703125000000002 0.8328125 0.5703125000000002 0.8328125 0.6578125000000001 0.865625 0.6578125000000001
0 0.875 0.5718750000000001 0.8328125 0.5718750000000001 0.8328125 0.6359375000000002 0.875 0.6359375000000002
0 0.8625 0.5296875000000002 0.8578125 0.5296875000000002 0.8578125 0.6171875000000002 0.8625 0.6171875000000002
0 0.8734375 0.5687500000000002 0.8609375 0.5687500000000002 0.8609375 0.6593750000000002 0.8734375 0.6593750000000002
0 0.8203125 0.45625000000000016 0.7890625 0.45625000000000016 0.7890625 0.5281250000000002 0.8203125 0.5281250000000002
0 0.8359375 0.37968750000000007 0.8234375 0.37968750000000007 0.8234375 0.45625000000000016 0.8359375 0.45625000000000016
0 0.9140625 0.4125000000000002 0.8859375 0.4125000000000002 0.8859375 0.4984375000000002 0.9140625 0.4984375000000002
0 0.8875 0.2406250000000001 0.859375 0.2406250000000001 0.859375 0.3312500000000001 0.8875 0.3312500000000001
0 0.89375 0.1984375000000001 0.85625 0.1984375000000001 0.85625 0.23437500000000008 0.89375 0.23437500000000008
0 0.909375 0.1187500000000001 0.8828125 0.11875000000000009 0.8828125 0.2062500000000001 0.909375 0.2062500000000001
0 0.85625 0.12031250000000009 0.8296875 0.12031250000000009 0.8296875 0.19687500000000008 0.85625 0.19687500000000008
0 0.8859375 1.0581713748882599e-16 0.8421875 1.0313822261569115e-16 0.8421875 0.04218750000000011 0.8859375 0.042187500000000114