0 0.025000000000000123 0.95625 1.1710685016846565e-16 0.95625 1.1825495654266628e-16 0.975 0.025000000000000123 0.975
0 0.2718750000000001 0.74375 0.24375000000000008 0.74375 0.24375000000000008 0.8453125 0.2718750000000001 0.8453125
0 0.3109375000000001 0.70625 0.2921875000000001 0.70625 0.2921875000000001 0.846875 0.3109375000000001 0.846875
0 0.2875000000000001 0.60625 0.27812500000000007 0.60625 0.27812500000000007 0.725 0.2875000000000001 0.725
0 0.30937500000000007 0.459375 0.23437500000000008 0.459375 0.23437500000000008 0.4875 0.30937500000000007 0.4875
0 0.14375 0.05937500000000001 0.0890625 0.059375 0.08906250000000002 0.1171875 0.14375 0.1171875
0 0.1625 1.6169164769992398e-17 0.1015625 1.2437819053840305e-17 0.1015625 0.07343750000000002 0.1625 0.07343750000000002
0 0.3703125 0.11562500000000005 0.3171875 0.11562500000000005 0.3171875 0.14687500000000003 0.3703125 0.14687500000000003
0 0.5609375 0.09375000000000007 0.5 0.09375000000000007 0.5 0.17812500000000006 0.5609375 0.1781250000000001
0 0.596875 0.1609375000000001 0.5515625 0.1609375000000001 0.5515625 0.21093750000000008 0.596875 0.21093750000000008
0 0.621875 0.55 0.575 0.55 0.575 0.596875 0.621875 0.596875
0 0.6234375 0.5859375 0.56875 0.5859375 0.56875 0.6140625 0.6234375 0.6140625
0 0.953125 0.8625 0.915625 0.8625 0.915625 0.934375 0.953125 0.934375
0 0.9046875 0.6453125000000002 0.8453125 0.6453125000000002 0.8453125 0.7734375000000002 0.9046875 0.7734375000000002
0 0.953125 0.2500000000000001 0.9234375 0.2500000000000001 0.9234375 0.3656250000000001 0.953125 0.3656250000000001
0 1 0.40625000000000017 0.9703125 0.40625000000000017 0.9703125 0.4234375000000002 1 0.4234375000000002
0 0.9875 0.3359375000000001 0.959375 0.3359375000000001 0.959375 0.4125000000000002 0.9875 0.4125000000000002
0 1 0.3437500000000001 0.971875 0.3437500000000001 0.971875 0.3812500000000001 1 0.3812500000000001
0 0.796875 0.49218750000000017 0.7328125 0.49218750000000017 0.7328125 0.5109375000000002 0.796875 0.5109375000000002
0 0.803125 0.14843750000000008 0.753125 0.14843750000000008 0.753125 0.1906250000000001 0.803125 0.1906250000000001
0 0.8265625 0.009375000000000099 0.7953125 0.009375000000000097 0.7953125 0.0984375000000001 0.8265625 0.09843750000000011
0 0.984375 1.1787225441793274e-16 0.940625 1.1519333954479792e-16 0.940625 0.034375000000000114 0.984375 0.03437500000000012
0 1 0.04375000000000012 0.9921875 0.04375000000000012 0.9921875 0.15000000000000013 1 0.15000000000000013