0 0.01406250000000002 0.09375 1.1481063742006437e-17 0.09375 1.9709159423777717e-17 0.228125 0.014062500000000028 0.228125
0 0.08281250000000002 0.1171875 0.039062500000000014 0.1171875 0.03906250000000002 0.234375 0.08281250000000002 0.234375
0 0.07812500000000004 0.36875 0.06406250000000005 0.36875 0.06406250000000005 0.3875 0.07812500000000004 0.3875
0 0.134375 0.03593750000000001 0.1046875 0.03593750000000001 0.1046875 0.06406250000000002 0.134375 0.06406250000000002
0 0.203125 0.007812500000000023 0.1625 0.007812500000000019 0.1625 0.03750000000000002 0.203125 0.03750000000000002
0 0.55 0.5 0.49375 0.5 0.49375 0.521875 0.55 0.521875
0 0.5890625 0.5171875 0.5328125 0.5171875 0.5328125 0.53125 0.5890625 0.53125
0 0.6203125 0.4984375 0.6046875 0.4984375 0.6046875 0.6171875 0.6203125 0.6171875
0 0.534375 0.6671875 0.5 0.6671875 0.5000000000000001 0.778125 0.5343750000000002 0.778125
0 0.8015625 0.8796875 0.7875000000000002 0.8796875 0.7875000000000002 0.9984375 0.8015625 0.9984375
0 0.953125 0.7890625000000002 0.884375 0.7890625000000002 0.884375 0.8046875 0.953125 0.8046875
0 0.86875 0.6265625000000001 0.85625 0.6265625000000001 0.85625 0.7328125000000002 0.86875 0.7328125000000002
0 0.853125 0.45312500000000017 0.840625 0.45312500000000017 0.840625 0.5781250000000002 0.853125 0.5781250000000002
0 0.7875 0.07343750000000009 0.7390625 0.07343750000000009 0.7390625 0.1312500000000001 0.7875 0.1312500000000001
0 0.8734375 0.1515625000000001 0.79375 0.1515625000000001 0.79375 0.1921875000000001 0.8734375 0.1921875000000001
0 0.8734375 0.001562500000000106 0.8546875 0.0015625000000001048 0.8546875 0.08281250000000011 0.8734375 0.08281250000000011
0 0.8921875 1.0840037683077745e-16 0.878125 1.0753929705012696e-16 0.878125 0.01718750000000011 0.8921875 0.017187500000000112
0 0.98125 0.07343750000000011 0.965625 0.07343750000000011 0.965625 0.12968750000000012 0.98125 0.12968750000000012
0 0.9125 1.1079226511036212e-16 0.896875 1.0983550979852825e-16 0.896875 0.02968750000000011 0.9125 0.02968750000000011
0 1 0.16562500000000013 0.9953125 0.16562500000000013 0.9953125 0.17812500000000014 1 0.17812500000000014
0 1 0.2140625000000001 0.99375 0.2140625000000001 0.99375 0.2312500000000001 1 0.2312500000000001