0 0.11250000000000004 0.228125 0.09062500000000002 0.228125 0.09062500000000004 0.346875 0.11250000000000004 0.346875
0 0.24531250000000004 0.3078125 0.19531250000000006 0.3078125 0.19531250000000006 0.440625 0.2453125000000001 0.440625
0 0.309375 0.16093750000000004 0.275 0.16093750000000004 0.275 0.28125 0.309375 0.28125
0 0.515625 0.04687500000000006 0.4796875 0.046875000000000056 0.4796875 0.11250000000000004 0.515625 0.11250000000000004
0 0.5640625 6.869503138967185e-17 0.5578125 6.831232926493829e-17 0.5578125 0.12500000000000008 0.5640625 0.12500000000000008
0 0.73125 0.3546875000000001 0.6703125 0.3546875000000001 0.6703125 0.4171875000000001 0.73125 0.41718750000000016
0 0.7734375 0.18750000000000008 0.7609375 0.18750000000000008 0.7609375 0.2953125000000001 0.7734375 0.2953125000000001
0 0.846875 0.23437500000000008 0.78125 0.23437500000000008 0.78125 0.30156250000000007 0.846875 0.30156250000000007
0 0.5609375 0.540625 0.5453125 0.540625 0.5453125 0.609375 0.5609375 0.609375
0 0.5546875 0.5046875 0.546875 0.5046875 0.546875 0.5328125 0.5546875 0.5328125
0 0.64375 0.5328125 0.584375 0.5328125 0.584375 0.54375 0.64375 0.54375
0 0.6703125 0.559375 0.6484375 0.559375 0.6484375 0.6421875 0.6703125 0.6421875
0 0.7531250000000002 0.7890625000000002 0.7406250000000002 0.7890625000000002 0.7406250000000002 0.915625 0.7531250000000002 0.915625
0 0.978125 0.9484375 0.91875 0.9484375 0.91875 0.96875 0.978125 0.96875
0 0.4031250000000002 0.7265625 0.3609375000000001 0.7265625 0.3609375000000001 0.74375 0.4031250000000002 0.74375
0 0.4437500000000002 0.7421875 0.38750000000000007 0.7421875 0.38750000000000007 0.796875 0.4437500000000002 0.796875
0 0.4500000000000002 0.8234375 0.3890625000000001 0.8234375 0.3890625000000001 0.8625 0.4500000000000002 0.8625
0 0.4593750000000002 0.88125 0.4031250000000002 0.88125 0.4031250000000002 0.9015625 0.4593750000000002 0.9015625
0 0.5265625000000002 0.84375 0.47187500000000016 0.84375 0.47187500000000016 0.9 0.5265625000000002 0.9
0 0.9578125 0.5484375000000001 0.9078125 0.5484375000000001 0.9078125 0.6078125000000002 0.9578125 0.6078125000000002
0 1 0.5593750000000002 0.9953125 0.5593750000000002 0.9953125 0.6312500000000002 1 0.6312500000000002
0 1 0.23593750000000008 0.959375 0.23593750000000008 0.959375 0.2796875000000001 1 0.2796875000000001
0 0.2640625000000001 0.9125 0.2515625000000001 0.9125 0.2515625000000001 1 0.2640625000000001 1
0 0.018750000000000096 0.7859375 9.62495843704873e-17 0.7859375 9.797174393178826e-17 0.8140625 0.0187500000000001 0.8140625
0 0.13437500000000008 0.75 0.10156250000000008 0.75 0.10156250000000008 0.78125 0.13437500000000008 0.78125
0 0.08437500000000012 0.853125 0.07343750000000011 0.853125 0.07343750000000011 0.95625 0.08437500000000012 0.95625
0 0.11562500000000013 0.9078125 0.06093750000000011 0.9078125 0.06093750000000011 0.928125 0.11562500000000013 0.928125