0 0.940625 0.9734375 0.8625 0.9734375 0.8625 1 0.940625 1
0 0.875 0.9453125 0.7593750000000001 0.9453125 0.7593750000000001 0.9609375 0.875 0.9609375
0 0.29375000000000007 0.9578125 0.2375000000000001 0.9578125 0.2375000000000001 1 0.29375000000000007 1
0 0.2562500000000001 0.96875 0.16562500000000013 0.96875 0.16562500000000013 0.975 0.2562500000000001 0.975
0 0.04531250000000011 0.8671875 0.017187500000000105 0.8671875 0.017187500000000112 0.9359375 0.04531250000000011 0.9359375
0 0.05156250000000008 0.6328125 0.0015625000000000777 0.6328125 0.001562500000000079 0.6578125 0.05156250000000009 0.6578125
0 0.2062500000000001 0.3859375 0.17343750000000005 0.3859375 0.17343750000000005 0.4390625 0.2062500000000001 0.4390625
0 0.5078125 0.5390625 0.421875 0.5390625 0.421875 0.5703125 0.5078125 0.5703125
0 0.4921875 0.4140625 0.4734375 0.4140625 0.4734375 0.4671875 0.4921875 0.4671875
0 0.5390625 0.3703125000000001 0.4640625 0.3703125000000001 0.4640625 0.4109375 0.5390625 0.4109375
0 0.5921875 0.3359375000000001 0.4953125 0.3359375000000001 0.4953125 0.3609375000000001 0.5921875 0.3609375000000001
0 0.53125 0.14843750000000006 0.5 0.14843750000000006 0.5 0.18750000000000006 0.53125 0.18750000000000006
0 0.434375 0.23125000000000004 0.3296875 0.23125 0.3296875 0.25312500000000004 0.434375 0.2531250000000001
0 0.3078125 0.08593750000000003 0.2203125 0.08593750000000003 0.2203125 0.09531250000000004 0.3078125 0.09531250000000005
0 0.24375 0.07656250000000002 0.146875 0.07656250000000002 0.146875 0.09218750000000002 0.24375 0.09218750000000002
0 0.159375 0.09687500000000002 0.1390625 0.09687500000000002 0.1390625 0.1609375 0.159375 0.1609375