0 0.4500000000000002 0.809375 0.3906250000000001 0.809375 0.3906250000000001 0.85 0.4500000000000002 0.85
0 0.5265625000000002 0.7921875 0.4703125000000002 0.7921875 0.4703125000000002 0.8703125 0.5265625000000002 0.8703125
0 0.5187500000000002 0.8375 0.4703125000000002 0.8375 0.4703125000000002 0.9015625 0.5187500000000002 0.9015625
0 0.5312500000000002 0.8765625 0.5250000000000001 0.8765625 0.5250000000000001 0.9671875 0.5312500000000002 0.9671875
0 0.5500000000000002 0.9671875 0.5234375000000002 0.9671875 0.5234375000000002 1 0.5500000000000002 1
0 0.6734375000000001 0.8796875 0.6296875000000002 0.8796875 0.6296875000000002 0.9828125 0.6734375000000001 0.9828125
0 0.039062500000000125 0.959375 0.020312500000000115 0.959375 0.02031250000000012 1 0.039062500000000125 1
0 0.17343750000000008 0.7578125 0.1453125000000001 0.7578125 0.1453125000000001 0.846875 0.17343750000000008 0.846875
0 0.1359375000000001 0.7390625 0.0984375000000001 0.7390625 0.0984375000000001 0.775 0.1359375000000001 0.775
0 0.18125000000000008 0.6921875 0.12343750000000009 0.6921875 0.12343750000000009 0.746875 0.18125000000000008 0.746875
0 0.12656250000000005 0.378125 0.06406250000000005 0.378125 0.06406250000000005 0.45625 0.12656250000000005 0.45625
0 0.16718750000000004 0.190625 0.13906250000000003 0.190625 0.13906250000000003 0.30625 0.16718750000000004 0.30625
0 0.6296875 0.55625 0.5765625 0.55625 0.5765625 0.625 0.6296875 0.625
0 0.6296875 0.490625 0.5640625 0.490625 0.5640625 0.51875 0.6296875 0.51875
0 0.6234375 0.37187500000000007 0.58125 0.37187500000000007 0.58125 0.4484375 0.6234375 0.4484375
0 0.7953125 0.2218750000000001 0.7421875 0.2218750000000001 0.7421875 0.23437500000000008 0.7953125 0.23437500000000008
0 0.7734375 0.1906250000000001 0.759375 0.1906250000000001 0.759375 0.3031250000000001 0.7734375 0.3031250000000001
0 0.840625 0.2609375000000001 0.784375 0.2609375000000001 0.784375 0.2765625000000001 0.840625 0.2765625000000001
0 0.9515625 0.2890625000000001 0.9203125 0.2890625000000001 0.9203125 0.3703125000000001 0.9515625 0.3703125000000001
0 1 0.19062500000000013 0.9796875 0.19062500000000013 0.9796875 0.2406250000000001 1 0.2406250000000001
0 0.95625 0.4468750000000002 0.94375 0.4468750000000002 0.94375 0.5546875000000002 0.95625 0.5546875000000002
0 0.9921875 0.4656250000000002 0.9765625 0.4656250000000002 0.9765625 0.5937500000000002 0.9921875 0.5937500000000002
0 0.9890625 0.8 0.98125 0.8 0.98125 0.921875 0.9890625 0.921875
0 0.9859375 0.0015625000000001198 0.9671875 0.0015625000000001187 0.9671875 0.03593750000000012 0.9859375 0.03593750000000012
0 1 0.028125000000000122 0.965625 0.028125000000000122 0.965625 0.039062500000000125 1 0.039062500000000125