0 0.94375 0.7421875000000002 0.925 0.7421875000000002 0.925 0.7968750000000002 0.94375 0.7968750000000002
0 1 0.5093750000000001 0.990625 0.5093750000000001 0.990625 0.5156250000000002 1 0.5156250000000002
0 0.7781250000000001 0.6890625000000001 0.76875 0.6890625000000001 0.76875 0.7421875000000002 0.7781250000000002 0.7421875000000002
0 0.7171875 0.55625 0.6828125 0.55625 0.6828125 0.578125 0.7171875 0.578125
0 0.6390625 0.2984375000000001 0.6296875 0.2984375000000001 0.6296875 0.3421875000000001 0.6390625 0.3421875000000001
0 0.5671875 0.3984375000000001 0.5421875 0.3984375000000001 0.5421875 0.4296875 0.5671875 0.4296875
0 0.565625 0.65 0.55625 0.65 0.55625 0.7 0.565625 0.7
0 0.5734375 0.678125 0.546875 0.678125 0.546875 0.70625 0.5734375 0.70625
0 0.646875 0.646875 0.615625 0.646875 0.615625 0.659375 0.646875 0.659375
0 0.5171875 0.66875 0.4953125 0.66875 0.4953125 0.70625 0.5171875 0.70625
0 0.3031250000000001 0.6328125 0.2906250000000001 0.6328125 0.2906250000000001 0.6734375 0.3031250000000001 0.6734375
0 0.3453125000000001 0.7578125 0.3375000000000001 0.7578125 0.3375000000000001 0.7984375 0.3453125000000001 0.7984375
0 0.1609375 0.159375 0.1390625 0.159375 0.1390625 0.16875 0.1609375 0.16875
0 0.19843750000000004 0.2453125 0.17343750000000005 0.2453125 0.17343750000000005 0.2734375 0.19843750000000004 0.2734375
0 0.2015625000000001 0.3640625 0.18906250000000005 0.3640625 0.18906250000000005 0.4125 0.2015625000000001 0.4125