0 0.028125 2.2005372172179004e-18 0.0078125 9.567553118338697e-19 0.007812500000000002 0.0265625 0.028125 0.0265625
0 0.009375000000000003 0.025 3.061616997868383e-18 0.025 3.444319122601931e-18 0.03125 0.009375000000000003 0.03125
0 0.03750000000000001 0.0953125 1.1672414804373211e-17 0.0953125 1.2055116929106758e-17 0.1015625 0.03750000000000001 0.1015625
0 0.1265625 0.01875000000000001 0.05 0.018750000000000006 0.05 0.04062500000000001 0.1265625 0.04062500000000001
0 0.14375 0.039062500000000014 0.0375 0.0390625 0.037500000000000006 0.06406250000000001 0.14375 0.06406250000000002
0 0.07031250000000001 0.053125 0.0609375 0.053125 0.06093750000000001 0.1046875 0.07031250000000003 0.1046875
0 0.1015625 0.06406250000000001 0.06875 0.0640625 0.06875 0.1171875 0.1015625 0.1171875
0 0.1890625 0.09687500000000002 0.07343750000000002 0.096875 0.07343750000000002 0.11250000000000002 0.1890625 0.11250000000000004
0 0.2796875 0.12187500000000004 0.228125 0.12187500000000004 0.228125 0.14375000000000004 0.2796875 0.14375000000000004
0 0.3921875 4.5732903905658965e-17 0.3546875 4.343669115725768e-17 0.3546875 0.012500000000000048 0.3921875 0.01250000000000005
0 0.4015625 0.0015625000000000487 0.3921875 0.0015625000000000478 0.3921875 0.01406250000000005 0.4015625 0.01406250000000005
0 0.11718750000000004 0.3578125 0.014062500000000044 0.3578125 0.014062500000000044 0.365625 0.11718750000000004 0.365625
0 0.07187500000000005 0.4125 0.037500000000000054 0.4125 0.037500000000000054 0.4703125 0.07187500000000006 0.4703125
0 0.15000000000000005 0.4578125 0.07343750000000007 0.4578125 0.07343750000000007 0.5046875 0.15000000000000005 0.5046875
0 0.18750000000000006 0.396875 0.11562500000000005 0.396875 0.11562500000000005 0.4484375 0.18750000000000006 0.4484375
0 0.042187500000000065 0.521875 0.032812500000000064 0.521875 0.032812500000000064 0.5375 0.042187500000000065 0.5375
0 0.07187500000000006 0.5390625 0.03593750000000007 0.5390625 0.03593750000000007 0.559375 0.07187500000000006 0.559375
0 0.44375 0.6609375 0.3421875000000001 0.6609375 0.3421875000000001 0.671875 0.44375 0.671875
0 0.4437500000000001 0.70625 0.4171875 0.70625 0.4171875000000001 0.771875 0.4437500000000002 0.771875
0 0.5046875000000001 0.7203125 0.45 0.7203125 0.45000000000000007 0.7734375 0.5046875000000002 0.7734375
0 0.546875 0.6203125 0.440625 0.6203125 0.440625 0.6296875 0.546875 0.6296875
0 0.3890625000000001 0.9 0.2718750000000001 0.9 0.2718750000000001 0.9125 0.3890625000000001 0.9125
0 0.4828125000000002 0.9875 0.4234375000000002 0.9875 0.4234375000000002 1 0.4828125000000002 1
0 0.5937500000000002 0.884375 0.4937500000000002 0.884375 0.4937500000000002 0.9046875 0.5937500000000002 0.9046875
0 0.6187500000000001 0.834375 0.6062500000000002 0.834375 0.6062500000000002 0.8984375 0.6187500000000001 0.8984375
0 0.4734375 0.353125 0.3578125 0.353125 0.35781250000000003 0.37031250000000004 0.4734375 0.3703125000000001
0 0.6046875 0.3140625000000001 0.5578125 0.3140625000000001 0.5578125 0.3546875000000001 0.6046875 0.3546875000000001
0 0.6984375000000002 0.821875 0.6859375000000002 0.821875 0.6859375000000002 0.8875 0.6984375000000002 0.8875
0 0.7968750000000002 0.9390625 0.7125000000000001 0.9390625 0.7125000000000001 0.9828125 0.7968750000000002 0.9828125
0 0.7953125000000002 0.9734375 0.7703125000000002 0.9734375 0.7703125000000002 1 0.7953125000000002 1
0 0.80625 0.7593750000000001 0.6921875000000002 0.759375 0.6921875000000002 0.7718750000000001 0.80625 0.7718750000000002
0 0.921875 0.5875000000000001 0.9 0.5875000000000001 0.9 0.6125000000000002 0.921875 0.6125000000000002
0 1 0.6656250000000001 0.9125 0.6656250000000001 0.9125 0.7062500000000002 1 0.7062500000000002
0 1 0.34843750000000007 0.9515625 0.34843750000000007 0.9515625 0.39531250000000007 1 0.39531250000000007
0 1 0.16093750000000012 0.971875 0.16093750000000012 0.971875 0.22031250000000008 1 0.22031250000000008
0 1 0.01406250000000012 0.95 0.014062500000000117 0.95 0.060937500000000124 1 0.06093750000000013