0 0.17031250000000003 0.253125 0.12343750000000005 0.253125 0.12343750000000005 0.29375 0.17031250000000003 0.29375
0 0.203125 0.17031250000000003 0.159375 0.1703125 0.15937500000000002 0.19687500000000002 0.203125 0.19687500000000005
0 0.2 0.057812500000000024 0.1921875 0.057812500000000024 0.1921875 0.10468750000000004 0.2 0.10468750000000004
0 0.271875 0.12812500000000004 0.23125 0.12812500000000004 0.23125 0.16406250000000006 0.271875 0.16406250000000006
0 0.3015625 0.05156250000000003 0.2703125 0.051562500000000025 0.2703125 0.07812500000000003 0.3015625 0.07812500000000004
0 0.3015625 0.06093750000000005 0.2890625 0.06093750000000005 0.2890625 0.07968750000000005 0.3015625 0.07968750000000005
0 0.3421875 0.03750000000000004 0.3015625 0.03750000000000003 0.3015625 0.06250000000000004 0.3421875 0.06250000000000004
0 0.4109375 0.03437500000000005 0.3671875 0.034375000000000044 0.3671875 0.07031250000000004 0.4109375 0.07031250000000004
0 0.4453125 0.06875000000000005 0.4234375 0.06875000000000005 0.4234375 0.09062500000000004 0.4453125 0.09062500000000004
0 0.4890625 0.03437500000000006 0.45 0.03437500000000006 0.45 0.06875000000000006 0.4890625 0.06875000000000006
0 0.4875 0.05156250000000005 0.440625 0.051562500000000046 0.440625 0.060937500000000054 0.4875 0.06093750000000007
0 0.5328125 0.07656250000000006 0.4890625 0.07656250000000006 0.4890625 0.10781250000000005 0.5328125 0.10781250000000005
0 0.58125 0.07187500000000006 0.5484375 0.07187500000000006 0.5484375 0.10781250000000009 0.58125 0.10781250000000009
0 0.6625 0.045312500000000075 0.6125 0.045312500000000075 0.6125 0.06562500000000007 0.6625 0.06562500000000009
0 0.7546875 0.11093750000000009 0.7453125 0.11093750000000009 0.7453125 0.1781250000000001 0.7546875 0.1781250000000001
0 0.76875 0.10781250000000009 0.7484375 0.10781250000000009 0.7484375 0.1609375000000001 0.76875 0.1609375000000001
0 0.7984375 0.05937500000000009 0.784375 0.05937500000000009 0.784375 0.12500000000000008 0.7984375 0.12500000000000008
0 0.8234375 0.0937500000000001 0.7984375 0.09375000000000008 0.7984375 0.11875000000000009 0.8234375 0.11875000000000009
0 0.8171875 0.16562500000000008 0.7796875 0.16562500000000008 0.7796875 0.19687500000000008 0.8171875 0.19687500000000008
0 0.8328125 0.13437500000000008 0.80625 0.13437500000000008 0.80625 0.1781250000000001 0.8328125 0.1781250000000001
0 0.8328125 0.17187500000000008 0.8046875 0.17187500000000008 0.8046875 0.17968750000000008 0.8328125 0.17968750000000008
0 0.8765625 0.1453125000000001 0.846875 0.1453125000000001 0.846875 0.1937500000000001 0.8765625 0.1937500000000001
0 0.8671875 0.17187500000000008 0.853125 0.17187500000000008 0.853125 0.2328125000000001 0.8671875 0.2328125000000001
0 0.875 0.21875000000000008 0.8390625 0.21875000000000008 0.8390625 0.2453125000000001 0.875 0.2453125000000001
0 0.8765625 0.2687500000000001 0.8296875 0.2687500000000001 0.8296875 0.29375000000000007 0.8765625 0.29375000000000007
0 0.859375 0.36406250000000007 0.84375 0.36406250000000007 0.84375 0.4500000000000002 0.859375 0.4500000000000002
0 0.88125 0.4109375000000002 0.8421875 0.4109375000000002 0.8421875 0.4515625000000002 0.88125 0.4515625000000002
0 0.10781250000000005 0.4640625 0.09218750000000006 0.4640625 0.09218750000000006 0.540625 0.10781250000000005 0.540625
0 0.1359375000000001 0.5609375 0.11562500000000009 0.5609375 0.11562500000000009 0.64375 0.1359375000000001 0.64375
0 0.3578125000000001 0.6640625 0.3421875000000001 0.6640625 0.3421875000000001 0.7453125 0.3578125000000001 0.7453125
0 0.6015625000000001 0.6703125 0.565625 0.6703125 0.565625 0.7265625 0.6015625000000002 0.7265625
0 0.8515625 0.4937500000000002 0.8171875 0.4937500000000002 0.8171875 0.5375000000000002 0.8515625 0.5375000000000002
0 0.834375 0.5906250000000002 0.821875 0.5906250000000002 0.821875 0.6765625000000002 0.834375 0.6765625000000002
0 0.8421875 0.5703125000000002 0.8375 0.5703125000000002 0.8375 0.6453125000000002 0.8421875 0.6453125000000002
0 0.8515625 0.6875000000000002 0.8 0.6875000000000002 0.8 0.6984375000000002 0.8515625 0.6984375000000002
0 0.8375 0.7531250000000002 0.7968750000000002 0.7531250000000002 0.7968750000000002 0.80625 0.8375 0.80625
0 0.846875 0.865625 0.834375 0.865625 0.834375 0.9484375 0.846875 0.9484375
0 0.853125 0.85625 0.846875 0.85625 0.846875 0.934375 0.853125 0.934375
0 0.8 0.9015625 0.7734375000000002 0.9015625 0.7734375000000002 0.965625 0.8 0.965625
0 0.7546875000000002 0.9171875 0.7468750000000002 0.9171875 0.7468750000000002 0.94375 0.7546875000000002 0.94375
0 0.7625000000000002 0.8765625 0.7187500000000002 0.8765625 0.7187500000000002 0.8890625 0.7625000000000002 0.8890625
0 0.7921875000000002 0.81875 0.7656250000000002 0.81875 0.7656250000000002 0.8734375 0.7921875000000002 0.8734375
0 0.7625000000000002 0.8171875 0.7265625000000002 0.8171875 0.7265625000000002 0.8375 0.7625000000000002 0.8375
0 0.7312500000000002 0.8625 0.6859375000000002 0.8625 0.6859375000000002 0.890625 0.7312500000000002 0.890625
0 0.5093750000000001 0.7921875 0.47187500000000016 0.7921875 0.47187500000000016 0.8359375 0.5093750000000001 0.8359375
0 0.1140625000000001 0.8265625 0.09218750000000012 0.8265625 0.09218750000000012 0.8921875 0.1140625000000001 0.8921875
0 0.15468750000000014 0.9109375 0.11093750000000013 0.9109375 0.11093750000000013 0.925 0.15468750000000014 0.925
0 0.2140625000000001 0.9125 0.16875000000000012 0.9125 0.16875000000000012 0.9296875 0.2140625000000001 0.9296875
0 0.2687500000000001 0.88125 0.21875000000000008 0.88125 0.21875000000000008 0.93125 0.2687500000000001 0.93125
0 0.2312500000000001 0.9546875 0.21875000000000008 0.9546875 0.21875000000000008 0.9671875 0.2312500000000001 0.9671875
0 0.3656250000000001 0.940625 0.3281250000000001 0.940625 0.3281250000000001 0.95625 0.3656250000000001 0.95625
0 0.42187500000000017 0.9109375 0.3734375000000001 0.9109375 0.3734375000000001 0.925 0.42187500000000017 0.925
0 0.49218750000000017 0.8765625 0.4515625000000002 0.8765625 0.4515625000000002 0.8875 0.49218750000000017 0.8875
0 0.5125000000000002 0.9328125 0.4734375000000002 0.9328125 0.4734375000000002 0.953125 0.5125000000000002 0.953125
0 0.5734375000000002 0.921875 0.5296875000000002 0.921875 0.5296875000000002 0.9421875 0.5734375000000002 0.9421875
0 0.5812500000000002 0.95 0.5375000000000002 0.95 0.5375000000000002 0.965625 0.5812500000000002 0.965625
0 0.6171875000000002 0.934375 0.5593750000000002 0.934375 0.5593750000000002 0.9515625 0.6171875000000002 0.9515625
0 0.7265625000000001 0.7250000000000001 0.684375 0.725 0.6843750000000001 0.7796875000000001 0.7265625000000002 0.7796875000000002
0 0.53125 0.3140625000000001 0.51875 0.3140625000000001 0.51875 0.38750000000000007 0.53125 0.38750000000000007
0 0.5328125 0.2843750000000001 0.50625 0.2843750000000001 0.50625 0.3296875000000001 0.5328125 0.3296875000000001
0 0.5609375 0.3703125000000001 0.5203125 0.3703125000000001 0.5203125 0.3781250000000001 0.5609375 0.3781250000000001