0 0.5828125 0.006250000000000068 0.521875 0.006250000000000064 0.521875 0.05312500000000007 0.5828125 0.05312500000000007
0 0.475 0.015625000000000052 0.390625 0.01562500000000005 0.390625 0.07812500000000006 0.475 0.07812500000000007
0 0.115625 0.017187500000000012 0.0359375 0.017187500000000005 0.0359375 0.0421875 0.115625 0.04218750000000001
0 0.09062500000000001 0.0734375 0.02031250000000001 0.0734375 0.020312500000000015 0.1484375 0.09062500000000002 0.1484375
0 0.16718750000000002 0.1515625 0.07031250000000003 0.1515625 0.07031250000000003 0.1890625 0.16718750000000004 0.1890625
0 0.06093750000000005 0.375 4.592425496802575e-17 0.375 4.640263262394268e-17 0.3828125 0.06093750000000005 0.3828125
0 0.14843750000000006 0.4015625 0.04531250000000005 0.4015625 0.04531250000000005 0.4296875 0.14843750000000006 0.4296875
0 0.20468750000000008 0.390625 0.17031250000000003 0.390625 0.17031250000000003 0.44375 0.20468750000000008 0.44375
0 0.434375 0.4765625 0.3500000000000001 0.4765625 0.3500000000000001 0.5078125 0.434375 0.5078125
0 0.490625 0.3625000000000001 0.4265625 0.3625000000000001 0.4265625 0.4109375 0.490625 0.4109375
0 0.525 0.2921875000000001 0.440625 0.2921875000000001 0.440625 0.3453125000000001 0.525 0.3453125000000001
0 0.61875 0.2640625000000001 0.55625 0.2640625000000001 0.55625 0.31718750000000007 0.61875 0.31718750000000007
0 0.07812500000000011 0.8484375 0.05156250000000011 0.8484375 0.05156250000000011 0.8921875 0.07812500000000011 0.8921875
0 0.08437500000000012 0.8953125 0.05625000000000011 0.8953125 0.05625000000000011 0.9484375 0.08437500000000012 0.9484375
0 0.057812500000000114 0.946875 0.0015625000000001159 0.946875 0.0015625000000001172 0.9703125 0.057812500000000114 0.9703125
0 0.2328125000000001 0.921875 0.17031250000000014 0.921875 0.17031250000000014 0.9609375 0.2328125000000001 0.9609375
0 0.18593750000000014 0.95625 0.15156250000000013 0.95625 0.15156250000000013 1 0.18593750000000014 1
0 0.3156250000000001 0.9390625 0.2687500000000001 0.9390625 0.2687500000000001 0.9671875 0.3156250000000001 0.9671875
0 0.3421875000000001 0.9859375 0.2734375000000001 0.9859375 0.2734375000000001 1 0.3421875000000001 1
0 1 0.95625 0.9546875 0.95625 0.9546875 0.9875 1 0.9875