0 0.1609375 0.159375 0.1390625 0.159375 0.1390625 0.16875 0.1609375 0.16875
0 0.19843750000000004 0.246875 0.17343750000000005 0.246875 0.17343750000000005 0.271875 0.19843750000000004 0.271875
0 0.20000000000000004 0.3625 0.19062500000000004 0.3625 0.19062500000000004 0.409375 0.2000000000000001 0.409375
0 0.2875000000000001 0.6390625 0.2656250000000001 0.6390625 0.2656250000000001 0.6703125 0.2875000000000001 0.6703125
0 0.3453125000000001 0.7578125 0.3390625000000001 0.7578125 0.3390625000000001 0.8 0.3453125000000001 0.8
0 0.521875 0.6625 0.496875 0.6625 0.496875 0.690625 0.521875 0.690625
0 0.571875 0.65625 0.54375 0.65625 0.54375 0.671875 0.571875 0.671875
0 0.5765625 0.6875 0.5484375 0.6875 0.5484375 0.70625 0.5765625 0.70625
0 0.6578125 0.58125 0.6296875 0.58125 0.6296875 0.603125 0.6578125 0.603125
0 0.715625 0.5625 0.6828125 0.5625 0.6828125 0.5765625 0.715625 0.5765625
0 0.815625 0.7031250000000002 0.7875 0.7031250000000002 0.7875 0.7218750000000002 0.815625 0.7218750000000002
0 0.940625 0.7453125000000002 0.921875 0.7453125000000002 0.921875 0.7953125000000002 0.940625 0.7953125000000002
0 0.640625 0.2984375000000001 0.628125 0.2984375000000001 0.628125 0.3421875000000001 0.640625 0.3421875000000001
0 0.5671875 0.3984375000000001 0.5421875 0.3984375000000001 0.5421875 0.4328125 0.5671875 0.4328125