0 0.054687500000000125 0.9578125 0.037500000000000124 0.9578125 0.037500000000000124 1 0.05468750000000013 1
0 0.18906250000000008 0.840625 0.1062500000000001 0.840625 0.1062500000000001 0.8703125 0.18906250000000008 0.8703125
0 0.18125000000000008 0.8203125 0.1468750000000001 0.8203125 0.1468750000000001 0.8921875 0.18125000000000008 0.8921875
0 0.034375000000000086 0.7015625 8.591662700268149e-17 0.7015625 8.629932912741505e-17 0.7078125 0.034375000000000086 0.7078125
0 0.057812500000000086 0.6359375 7.787988238327699e-17 0.6359375 8.046312172522844e-17 0.678125 0.057812500000000086 0.678125
0 0.03593750000000006 0.4578125 0.020312500000000056 0.4578125 0.02031250000000006 0.515625 0.03593750000000007 0.515625
0 0.07968750000000002 0.253125 0.05625000000000002 0.253125 0.05625000000000002 0.2640625 0.07968750000000002 0.2640625
0 0.7171875 0.05937500000000008 0.59375 0.05937500000000007 0.59375 0.07656250000000007 0.7171875 0.07656250000000009
0 0.9609375 0.0718750000000001 0.86875 0.0718750000000001 0.86875 0.1109375000000001 0.9609375 0.11093750000000013
0 0.9734375 0.23593750000000008 0.8921875 0.23593750000000008 0.8921875 0.27812500000000007 0.9734375 0.27812500000000007
0 1 0.18750000000000014 0.9796875 0.18750000000000014 0.9796875 0.2375000000000001 1 0.2375000000000001
0 0.5078125 0.3765625000000001 0.484375 0.3765625000000001 0.484375 0.4453125 0.5078125 0.4453125
0 0.8640625 0.6843750000000002 0.778125 0.6843750000000002 0.778125 0.7218750000000002 0.8640625 0.7218750000000002
0 1 0.8953125 0.8890625 0.8953125 0.8890625 0.9171875 1 0.9171875