0 0.9296875 0.05625000000000011 0.878125 0.05625000000000011 0.878125 0.09687500000000011 0.9296875 0.09687500000000011
0 0.9078125 0.08437500000000012 0.8234375 0.08437500000000012 0.8234375 0.10625000000000011 0.9078125 0.10625000000000014
0 0.8828125 0.17187500000000008 0.8578125 0.17187500000000008 0.8578125 0.2000000000000001 0.8828125 0.2000000000000001
0 0.5546875 0.1453125000000001 0.5453125 0.1453125000000001 0.5453125 0.1984375000000001 0.5546875 0.1984375000000001
0 0.421875 0.10937500000000004 0.36875 0.10937500000000004 0.36875 0.14843750000000006 0.421875 0.14843750000000006
0 0.09375000000000001 0.06406250000000001 0.05 0.0640625 0.05000000000000001 0.1203125 0.09375000000000003 0.1203125
0 0.05156250000000001 0.037500000000000006 0.023437500000000007 0.0375 0.023437500000000007 0.09375 0.051562500000000025 0.09375
0 0.9515625 0.2578125000000001 0.9421875 0.2578125000000001 0.9421875 0.2734375000000001 0.9515625 0.2734375000000001
0 0.959375 0.2750000000000001 0.94375 0.2750000000000001 0.94375 0.3062500000000001 0.959375 0.3062500000000001
0 1 0.3468750000000001 0.978125 0.3468750000000001 0.978125 0.3531250000000001 1 0.3531250000000001
0 1 0.3609375000000001 0.9625 0.3609375000000001 0.9625 0.38750000000000007 1 0.38750000000000007
0 0.9203125 0.3281250000000001 0.8390625 0.3281250000000001 0.8390625 0.3500000000000001 0.9203125 0.3500000000000001
0 1 0.5625000000000002 0.9765625 0.5625000000000002 0.9765625 0.5875000000000001 1 0.5875000000000001
0 1 0.6171875000000002 0.984375 0.6171875000000002 0.984375 0.6296875000000002 1 0.6296875000000002
0 0.9515625 0.6000000000000002 0.9390625 0.6000000000000002 0.9390625 0.6546875000000002 0.9515625 0.6546875000000002
0 0.68125 0.23437500000000008 0.609375 0.23437500000000008 0.609375 0.26250000000000007 0.68125 0.26250000000000007
0 0.371875 0.22500000000000003 0.325 0.225 0.325 0.27187500000000003 0.371875 0.2718750000000001
0 0.37968750000000007 0.37812500000000004 0.3375000000000001 0.378125 0.3375000000000001 0.4359375 0.37968750000000007 0.4359375
0 0.029687500000000044 0.334375 0.003125000000000042 0.334375 0.0031250000000000435 0.3765625 0.029687500000000044 0.3765625
0 0.07656250000000006 0.53125 0.023437500000000066 0.53125 0.02343750000000007 0.571875 0.07656250000000006 0.571875
0 0.12656250000000005 0.3546875 0.11093750000000005 0.3546875 0.11093750000000005 0.4078125 0.12656250000000005 0.4078125
0 0.18906250000000005 0.4625 0.17656250000000004 0.4625 0.17656250000000004 0.509375 0.18906250000000005 0.509375
0 0.17500000000000007 0.53125 0.15000000000000005 0.53125 0.15000000000000008 0.571875 0.1750000000000001 0.571875
0 0.6203125 0.4765625 0.540625 0.4765625 0.540625 0.4953125 0.6203125 0.4953125
0 0.12656250000000008 0.640625 0.05468750000000009 0.640625 0.05468750000000009 0.665625 0.12656250000000008 0.665625
0 0.06250000000000008 0.721875 8.840419081344957e-17 0.721875 8.974364825001699e-17 0.74375 0.06250000000000008 0.74375
0 0.04062500000000009 0.746875 0.028125000000000087 0.746875 0.028125000000000094 0.7875 0.0406250000000001 0.7875
0 0.03125000000000009 0.746875 9.146580781131795e-17 0.746875 9.26139141855186e-17 0.765625 0.03125000000000009 0.765625
0 0.028125000000000094 0.75625 0.006250000000000091 0.75625 0.006250000000000094 0.796875 0.0281250000000001 0.796875
0 0.13437500000000008 0.765625 0.06875000000000009 0.765625 0.06875000000000009 0.796875 0.13437500000000008 0.796875
0 0.05625000000000009 0.8015625 0.0062500000000000975 0.8015625 0.006250000000000098 0.8109375 0.05625000000000009 0.8109375
0 0.10000000000000009 0.81875 0.0359375000000001 0.81875 0.0359375000000001 0.84375 0.10000000000000009 0.84375
0 0.08125000000000011 0.86875 0.0015625000000001061 0.86875 0.0015625000000001072 0.88125 0.08125000000000011 0.88125
0 0.1937500000000001 0.825 0.14218750000000008 0.825 0.14218750000000008 0.871875 0.1937500000000001 0.871875
0 0.1937500000000001 0.8328125 0.1437500000000001 0.8328125 0.1437500000000001 0.8796875 0.1937500000000001 0.8796875
0 0.2562500000000001 0.878125 0.1671875000000001 0.878125 0.1671875000000001 0.9 0.2562500000000001 0.9
0 0.14843750000000008 0.878125 0.08906250000000011 0.878125 0.08906250000000011 0.890625 0.14843750000000008 0.890625
0 0.09843750000000011 0.89375 1.094528076737947e-16 0.89375 1.130884778587634e-16 0.953125 0.09843750000000011 0.953125
0 0.2843750000000001 0.6578125 0.2328125000000001 0.6578125 0.2328125000000001 0.7078125 0.2843750000000001 0.7078125
0 0.809375 0.6859375000000002 0.73125 0.6859375000000002 0.73125 0.7109375000000002 0.809375 0.7109375000000002
0 0.903125 0.7203125000000001 0.821875 0.7203125000000001 0.821875 0.7296875000000002 0.903125 0.7296875000000002
0 0.853125 0.7281250000000001 0.815625 0.7281250000000001 0.815625 0.7718750000000002 0.853125 0.7718750000000002
0 0.9359375 0.7203125000000001 0.8703125 0.7203125000000001 0.8703125 0.7453125000000002 0.9359375 0.7453125000000002
0 0.9859375 0.7390625000000002 0.9078125 0.7390625000000002 0.9078125 0.7640625000000002 0.9859375 0.7640625000000002
0 0.4312500000000002 0.8328125 0.3437500000000001 0.8328125 0.3437500000000001 0.8671875 0.4312500000000002 0.8671875
0 0.42968750000000017 0.8328125 0.36406250000000007 0.8328125 0.36406250000000007 0.875 0.42968750000000017 0.875
0 0.47187500000000016 0.8578125 0.3843750000000001 0.8578125 0.3843750000000001 0.8640625 0.47187500000000016 0.8640625
0 0.4312500000000002 0.8609375 0.34062500000000007 0.8609375 0.34062500000000007 0.8734375 0.4312500000000002 0.8734375
0 0.5437500000000002 0.7890625 0.47187500000000016 0.7890625 0.47187500000000016 0.8203125 0.5437500000000002 0.8203125
0 0.6218750000000002 0.8234375 0.5453125000000002 0.8234375 0.5453125000000002 0.8359375 0.6218750000000002 0.8359375
0 0.5875000000000001 0.8859375 0.5031250000000002 0.8859375 0.5031250000000002 0.9140625 0.5875000000000001 0.9140625
0 0.7593750000000001 0.859375 0.6687500000000002 0.859375 0.6687500000000002 0.8890625 0.7593750000000001 0.8890625
0 0.803125 0.85625 0.7656250000000002 0.85625 0.7656250000000002 0.89375 0.803125 0.89375
0 0.8828125 0.8828125 0.7953125000000002 0.8828125 0.7953125000000002 0.909375 0.8828125 0.909375
0 0.88125 0.8296875 0.803125 0.8296875 0.803125 0.85625 0.88125 0.85625
0 1 0.8421875 0.9578125 0.8421875 0.9578125 0.8859375 1 0.8859375