0 0.796875 0.057812500000000086 0.7421875 0.057812500000000086 0.7421875 0.07656250000000009 0.796875 0.07656250000000009
0 0.5140625 6.266747292511846e-17 0.509375 6.23804463315683e-17 0.509375 0.009375000000000062 0.5140625 0.009375000000000064
0 0.7421875 0.2218750000000001 0.6890625 0.2218750000000001 0.6890625 0.2312500000000001 0.7421875 0.2312500000000001
0 0.578125 0.2843750000000001 0.55625 0.2843750000000001 0.55625 0.3187500000000001 0.578125 0.3187500000000001
0 0.34062500000000007 0.3609375 0.2984375 0.3609375 0.2984375 0.371875 0.34062500000000007 0.371875
0 0.4296875 0.434375 0.3984375000000001 0.434375 0.3984375000000001 0.459375 0.4296875 0.459375
0 0.7 0.4359375 0.65 0.4359375 0.65 0.4453125 0.7 0.4453125
0 0.70625 0.4265625 0.6765625 0.4265625 0.6765625 0.453125 0.70625 0.453125
0 0.659375 0.3546875000000001 0.6453125 0.3546875000000001 0.6453125 0.3843750000000001 0.659375 0.3843750000000001
0 0.70625 0.4828125 0.66875 0.4828125 0.66875 0.5046875 0.70625 0.5046875
0 0.671875 0.696875 0.6328125 0.696875 0.6328125 0.709375 0.671875 0.709375
0 0.7984375 0.6562500000000002 0.7578125 0.6562500000000002 0.7578125 0.6640625000000002 0.7984375 0.6640625000000002
0 0.1687500000000001 0.8390625 0.1593750000000001 0.8390625 0.1593750000000001 0.8609375 0.1687500000000001 0.8609375
0 0.2734375000000001 0.8015625 0.2453125000000001 0.8015625 0.2453125000000001 0.8265625 0.2734375000000001 0.8265625
0 0.4125000000000002 0.7984375 0.36406250000000007 0.7984375 0.36406250000000007 0.8109375 0.4125000000000002 0.8109375