0 0.4781250000000002 0.946875 0.41718750000000016 0.946875 0.41718750000000016 0.99375 0.4781250000000002 0.99375
0 0.6109375000000001 0.9234375 0.5265625000000002 0.9234375 0.5265625000000002 0.9859375 0.6109375000000001 0.9859375
0 0.9640625 0.959375 0.884375 0.959375 0.884375 0.984375 0.9640625 0.984375
0 0.98125 0.853125 0.9109375 0.853125 0.9109375 0.928125 0.98125 0.928125
0 0.9296875 0.8125 0.8328125 0.8125 0.8328125 0.85 0.9296875 0.85
0 1 0.6171875000000002 0.9390625 0.6171875000000002 0.9390625 0.6250000000000002 1 0.6250000000000002
0 0.95625 0.5718750000000001 0.853125 0.5718750000000001 0.853125 0.6000000000000002 0.95625 0.6000000000000002
0 0.83125 0.5562500000000001 0.796875 0.5562500000000001 0.796875 0.6093750000000002 0.83125 0.6093750000000002
0 0.65 0.49375 0.565625 0.49375 0.565625 0.525 0.65 0.525
0 0.5734375 0.5890625 0.509375 0.5890625 0.509375 0.6375 0.5734375 0.6375
0 0.5609375 0.65625 0.4765625 0.65625 0.4765625 0.709375 0.5609375 0.709375
0 0.4437500000000001 0.684375 0.3812500000000001 0.684375 0.3812500000000001 0.7375 0.4437500000000002 0.7375
0 0.9484375 0.10937500000000014 0.921875 0.10937500000000014 0.921875 0.15312500000000012 0.9484375 0.15312500000000012
0 0.94375 0.05312500000000011 0.915625 0.05312500000000011 0.915625 0.10625000000000014 0.94375 0.10625000000000014
0 1 0.03125000000000012 0.94375 0.03125000000000011 0.94375 0.053125000000000124 1 0.05312500000000013
0 0.8296875 0.04062500000000009 0.7671875 0.04062500000000009 0.7671875 0.0781250000000001 0.8296875 0.07812500000000011
0 0.85 0.001562500000000102 0.815625 0.0015625000000000998 0.815625 0.0453125000000001 0.85 0.0453125000000001
0 0.7328125 0.03281250000000009 0.6859375 0.03281250000000009 0.6859375 0.06093750000000009 0.7328125 0.06093750000000009
0 0.728125 8.495987169084762e-17 0.659375 8.075014831877861e-17 0.659375 0.014062500000000085 0.728125 0.014062500000000089
0 0.0453125 0.012500000000000002 1.5308084989341916e-18 0.0125 3.444319122601931e-18 0.04375 0.0453125 0.04375