0 0.4546875000000002 0.809375 0.4156250000000002 0.809375 0.4156250000000002 0.840625 0.4546875000000002 0.840625
0 0.26250000000000007 0.8015625 0.21093750000000008 0.8015625 0.21093750000000008 0.8125 0.26250000000000007 0.8125
0 0.3500000000000001 0.7875 0.3281250000000001 0.7875 0.3281250000000001 0.8125 0.3500000000000001 0.8125
0 0.32500000000000007 0.721875 0.2734375000000001 0.721875 0.2734375000000001 0.734375 0.32500000000000007 0.734375
0 0.43125 0.5859375 0.415625 0.5859375 0.415625 0.6234375 0.43125 0.6234375
0 0.5140625 0.5328125 0.4921875 0.5328125 0.4921875 0.5625 0.5140625 0.5625
0 0.3187500000000001 0.5453125 0.2843750000000001 0.5453125 0.2843750000000001 0.565625 0.3187500000000001 0.565625
0 0.509375 0.4578125 0.49375 0.4578125 0.49375 0.4875 0.509375 0.4875
0 0.678125 0.2953125000000001 0.6671875 0.2953125000000001 0.6671875 0.32500000000000007 0.678125 0.32500000000000007
0 0.3046875 0.15156250000000004 0.278125 0.15156250000000004 0.278125 0.17187500000000006 0.3046875 0.17187500000000006
0 0.484375 0.09062500000000007 0.4625 0.09062500000000007 0.4625 0.12343750000000005 0.484375 0.12343750000000005