0 0.0453125 4.401074434435801e-18 0.0265625 3.2529680602351567e-18 0.0265625 0.025 0.0453125 0.025
0 0.2578125 0.24375 0.15625000000000006 0.24375 0.15625000000000006 0.271875 0.2578125 0.271875
0 0.2953125 0.2921875 0.15468750000000003 0.2921875 0.15468750000000003 0.3109375 0.2953125 0.3109375
0 0.3953125 0.27812500000000007 0.2765625 0.278125 0.2765625 0.28750000000000003 0.3953125 0.2875000000000001
0 0.5421875 0.23437500000000008 0.5140625 0.23437500000000008 0.5140625 0.30937500000000007 0.5421875 0.30937500000000007
0 0.9421875 0.08906250000000011 0.884375 0.08906250000000011 0.884375 0.1437500000000001 0.9421875 0.14375000000000013
0 1 0.10156250000000014 0.9265625 0.10156250000000014 0.9265625 0.16250000000000014 1 0.16250000000000014
0 0.8859375 0.31718750000000007 0.8546875 0.31718750000000007 0.8546875 0.3703125000000001 0.8859375 0.3703125000000001
0 0.90625 0.5000000000000002 0.821875 0.5000000000000002 0.821875 0.5609375000000002 0.90625 0.5609375000000002
0 0.840625 0.5515625000000002 0.790625 0.5515625000000002 0.790625 0.5968750000000002 0.840625 0.5968750000000002
0 0.4515625 0.575 0.4046875 0.575 0.4046875 0.621875 0.4515625 0.621875
0 0.415625 0.56875 0.38750000000000007 0.56875 0.38750000000000007 0.6234375 0.415625 0.6234375
0 0.13750000000000012 0.915625 0.06562500000000011 0.915625 0.06562500000000011 0.953125 0.13750000000000012 0.953125
0 0.3546875000000001 0.8453125 0.22656250000000008 0.8453125 0.22656250000000008 0.9046875 0.3546875000000001 0.9046875
0 0.7515625000000001 0.9234375 0.6359375000000002 0.9234375 0.6359375000000002 0.953125 0.7515625000000001 0.953125
0 0.5953125000000001 0.9703125 0.5781250000000002 0.9703125 0.5781250000000002 1 0.5953125000000001 1
0 0.6656250000000001 0.959375 0.5890625000000002 0.959375 0.5890625000000002 0.9875 0.6656250000000001 0.9875
0 0.6562500000000002 0.971875 0.6187500000000001 0.971875 0.6187500000000001 1 0.6562500000000002 1
0 0.5093750000000001 0.7328125 0.4906250000000002 0.7328125 0.4906250000000002 0.796875 0.5093750000000001 0.796875
0 0.8515625 0.7515625000000001 0.809375 0.7515625000000001 0.809375 0.803125 0.8515625 0.803125
0 0.990625 0.7953125000000002 0.9015625 0.7953125000000002 0.9015625 0.8265625 0.990625 0.8265625
0 1 0.940625 0.965625 0.940625 0.965625 0.984375 1 0.984375
0 0.95625 0.9921875 0.85 0.9921875 0.85 1 0.95625 1