0 0.1703125000000001 0.8140625 0.1296875000000001 0.8140625 0.1296875000000001 0.8296875 0.1703125000000001 0.8296875
0 0.2515625000000001 0.553125 0.1906250000000001 0.553125 0.1906250000000001 0.6140625 0.2515625000000001 0.6140625
0 0.3125000000000001 0.5 0.2593750000000001 0.5 0.2593750000000001 0.5328125 0.3125000000000001 0.5328125
0 0.15625000000000006 0.3390625 0.11562500000000005 0.3390625 0.11562500000000005 0.3609375 0.15625000000000006 0.3609375
0 0.19375000000000003 0.340625 0.15000000000000005 0.340625 0.15000000000000005 0.3765625 0.19375000000000003 0.3765625
0 0.15000000000000005 0.3140625 0.14531250000000004 0.3140625 0.14531250000000004 0.3359375 0.15000000000000005 0.3359375
0 0.2875 0.2125 0.25625 0.2125 0.25625 0.2859375 0.2875 0.2859375
0 0.278125 0.18750000000000006 0.2328125 0.18750000000000006 0.2328125 0.2078125 0.278125 0.2078125
0 0.4484375 0.2921875000000001 0.4078125 0.2921875000000001 0.4078125 0.3375000000000001 0.4484375 0.3375000000000001
0 0.5359375 0.2765625000000001 0.5 0.2765625000000001 0.5 0.31718750000000007 0.5359375 0.31718750000000007
0 0.5625 0.29375000000000007 0.5296875 0.29375000000000007 0.5296875 0.3078125000000001 0.5625 0.3078125000000001
0 0.1625 0.07812500000000003 0.134375 0.07812500000000003 0.134375 0.1734375 0.1625 0.1734375
0 0.19375 0.04531250000000002 0.1859375 0.04531250000000002 0.1859375 0.13906250000000003 0.19375 0.13906250000000003
0 0.2875 0.05312500000000003 0.234375 0.05312500000000002 0.234375 0.08750000000000004 0.2875 0.08750000000000005
0 0.2671875 0.08906250000000002 0.23125 0.08906250000000002 0.23125 0.17500000000000004 0.2671875 0.17500000000000004
0 0.303125 0.10000000000000005 0.2609375 0.10000000000000005 0.2609375 0.11718750000000004 0.303125 0.11718750000000004
0 0.3359375 0.12812500000000004 0.2875 0.12812500000000004 0.2875 0.14531250000000004 0.3359375 0.14531250000000004
0 0.4125 0.08906250000000004 0.35625 0.08906250000000004 0.35625 0.12031250000000004 0.4125 0.12031250000000004
0 0.61875 0.05937500000000007 0.5765625 0.05937500000000007 0.5765625 0.08281250000000007 0.61875 0.08281250000000007
0 0.7015625 0.05625000000000009 0.653125 0.05625000000000009 0.653125 0.11250000000000009 0.7015625 0.11250000000000009
0 0.7421875 0.08750000000000009 0.70625 0.08750000000000009 0.70625 0.1468750000000001 0.7421875 0.1468750000000001
0 0.7671875 0.04531250000000009 0.725 0.04531250000000009 0.725 0.05937500000000009 0.7671875 0.05937500000000009
0 0.7859375 0.07031250000000008 0.7578125 0.07031250000000008 0.7578125 0.11250000000000009 0.7859375 0.11250000000000009
0 0.7984375 0.0406250000000001 0.7890625 0.0406250000000001 0.7890625 0.08750000000000009 0.7984375 0.08750000000000009
0 0.840625 0.2875000000000001 0.8265625 0.2875000000000001 0.8265625 0.36406250000000007 0.840625 0.36406250000000007
0 0.6796875 0.4421875 0.6703125 0.4421875 0.6703125 0.5390625 0.6796875 0.5390625
0 0.959375 0.7109375000000002 0.9453125 0.7109375000000002 0.9453125 0.7781250000000002 0.959375 0.7781250000000002
0 0.934375 0.6515625000000002 0.9265625 0.6515625000000002 0.9265625 0.7421875000000002 0.934375 0.7421875000000002