0 0.06875000000000012 0.95 0.009375000000000116 0.95 0.00937500000000012 0.9875 0.06875000000000012 0.9875
0 0.17343750000000008 0.73125 0.1546875000000001 0.73125 0.1546875000000001 0.8421875 0.17343750000000008 0.8421875
0 0.05312500000000009 0.6625 0.037500000000000075 0.6625 0.03750000000000008 0.759375 0.05312500000000009 0.759375
0 0.06250000000000008 0.6203125 0.04062500000000008 0.6203125 0.040625000000000085 0.6859375 0.06250000000000008 0.6859375
0 0.09687500000000007 0.5640625 0.050000000000000065 0.5640625 0.05000000000000008 0.6359375 0.09687500000000009 0.6359375
0 0.10468750000000009 0.5625 0.09218750000000006 0.5625 0.09218750000000006 0.621875 0.10468750000000009 0.621875
0 0.17812500000000003 0.4703125 0.13125000000000003 0.4703125 0.13125000000000003 0.5390625 0.17812500000000003 0.5390625
0 0.28593750000000007 0.49375 0.2484375000000001 0.49375 0.2484375000000001 0.56875 0.28593750000000007 0.56875
0 0.3546875000000001 0.4390625 0.3109375000000001 0.4390625 0.3109375000000001 0.50625 0.3546875000000001 0.50625
0 0.3593750000000001 0.9234375 0.2890625000000001 0.9234375 0.2890625000000001 0.9515625 0.3593750000000001 0.9515625
0 0.6375000000000002 0.96875 0.6281250000000002 0.96875 0.6281250000000002 1 0.6375000000000002 1
0 0.7312500000000002 0.7578125000000001 0.6875000000000002 0.7578125 0.6875000000000002 0.8171875 0.7312500000000002 0.8171875
0 0.85 0.7609375000000002 0.8296875 0.7609375000000002 0.8296875 0.8703125 0.85 0.8703125
0 0.9125 0.6468750000000002 0.853125 0.6468750000000002 0.853125 0.6875000000000002 0.9125 0.6875000000000002
0 0.884375 0.9671875 0.8796875 0.9671875 0.8796875 1 0.884375 1
0 1 0.4578125000000002 0.98125 0.4578125000000002 0.98125 0.4984375000000002 1 0.4984375000000002
0 0.9734375 0.4234375000000002 0.9484375 0.4234375000000002 0.9484375 0.4671875000000002 0.9734375 0.4671875000000002
0 0.83125 0.3921875000000001 0.7859375 0.3921875000000001 0.7859375 0.47656250000000017 0.83125 0.47656250000000017
0 0.7890625 0.4500000000000002 0.7625 0.4500000000000002 0.7625 0.5406250000000001 0.7890625 0.5406250000000001
0 0.6453125 0.1671875000000001 0.6390625 0.1671875000000001 0.6390625 0.2484375000000001 0.6453125 0.2484375000000001
0 0.6359375 0.06718750000000008 0.5828125 0.06718750000000007 0.5828125 0.1375000000000001 0.6359375 0.1375000000000001
0 0.75625 0.15000000000000008 0.734375 0.15000000000000008 0.734375 0.2812500000000001 0.75625 0.2812500000000001
0 0.17812500000000003 0.09375000000000003 0.1359375 0.09375000000000003 0.13593750000000002 0.184375 0.17812500000000003 0.184375
0 0.378125 4.535020178092543e-17 0.3625 4.4393446469091554e-17 0.3625 0.05312500000000005 0.378125 0.05312500000000005